15 output/pa3-D-output.txt
    -7.18     -5.25     61.11     -4.03     -3.66     61.88      3.61
   -37.30    -26.85    -22.40    -37.30    -26.85    -22.40      0.00
    12.34     15.70    -30.14     12.34     15.70    -30.14      0.00
   -11.98    -19.43     -8.69    -11.98    -19.43     -8.69      0.00
    -0.76      4.96     62.38     -0.76      4.96     62.38      0.00
   -11.32    -18.80    -46.97    -11.07    -19.39    -45.33      1.76
     9.42     18.77    -12.68      9.42     18.77    -12.68      0.00
   -25.20      9.58    -33.99    -25.20      9.58    -33.99      0.00
    21.65     19.52    -26.52     21.65     19.52    -26.52      0.00
    -1.60    -11.39    -34.71     -1.60    -11.39    -34.71      0.00
    -8.38     19.54     38.70     -8.38     19.54     38.70      0.00
     7.10     21.41     49.30      7.10     21.41     49.30      0.00
    -5.02      7.87    -12.19     -5.02      7.87    -12.19      0.00
    10.18     20.76     49.75     10.18     20.76     49.75      0.00
   -39.26    -13.22    -42.97    -37.94    -12.62    -42.18      1.65
