15 output/pa3-B-output.txt
   -16.40    -20.79     -9.80    -15.37    -22.02     -9.05      1.78
   -43.36    -19.30    -27.35    -41.88    -18.73    -25.43      2.49
    -6.01      0.85    -31.79     -6.01      0.85    -31.79      0.00
    -4.22    -27.04    -29.06     -4.22    -27.04    -29.06      0.00
   -34.81      4.93    -35.25    -34.81      4.93    -35.25      0.00
    26.25     20.83      1.06     27.80     22.57      1.29      2.34
     0.55     -8.75     48.36      1.13     -6.74     48.34      2.09
    17.26      5.34    -28.81     19.41      6.77    -26.86      3.24
   -12.69     -3.18    -47.65    -12.69     -3.18    -47.65      0.00
    24.11    -10.77      1.59     24.11    -10.77      1.59      0.00
   -12.67    -28.89    -41.76    -13.03    -26.72    -39.99      2.82
    31.51     -9.62    -20.82     31.51     -9.62    -20.82      0.00
   -43.42     -8.57    -34.75    -41.14     -7.77    -33.06      2.95
   -16.70     17.72     20.61    -16.70     17.72     20.61      0.00
    -6.82     11.37     44.01     -6.82     11.37     44.01      0.00
