15 output/pa3-C-output.txt
    30.87     -9.84    -18.35     30.87     -9.84    -18.35      0.00
    19.97     15.61     39.63     19.97     15.61     39.63      0.00
    34.89      0.07    -20.90     34.89      0.07    -20.90      0.00
     2.79     -6.71     40.37      2.79     -6.71     40.37      0.00
   -38.61      4.73    -25.82    -38.61      4.73    -25.82      0.00
    -9.11     14.55      9.71     -7.76     13.48     10.64      1.96
    12.67     -6.02     30.20     12.67     -6.02     30.20      0.00
    37.80      9.46      2.05     37.80      9.46      2.05      0.00
   -11.10     22.67     32.02    -11.10     22.67     32.02      0.00
    10.42     -6.88     23.35     10.42     -6.88     23.35      0.00
    13.28    -12.88      2.74     13.28    -12.88      2.74      0.00
    -8.37      3.61     38.78     -6.87      3.74     37.75      1.83
   -32.94    -27.02    -19.13    -32.94    -27.02    -19.13      0.00
    34.35     -4.07      7.57     34.35     -4.07      7.57      0.00
    32.62     16.75      3.69     33.64     17.33      3.97      1.21
