20 output/pa3-J-output.txt
   -22.89    -16.34     -7.61    -22.86    -16.72     -6.13      1.53
   -32.48      3.32    -31.06    -34.76      6.78    -30.50      4.19
    19.52     23.06      6.06     20.52     25.74      5.30      2.96
   -36.41     -3.11    -23.13    -41.04     -0.59    -22.17      5.36
    31.22      2.84    -29.92     31.22      2.84    -29.92      0.00
    -4.19     13.82      8.25     -4.89     14.23      7.76      0.95
   -38.70     -5.68    -30.93    -41.68     -6.84    -32.77      3.69
   -30.10    -32.85    -21.93    -29.30    -31.00    -23.18      2.37
    13.75     22.30     -7.39     11.62     24.46     -7.83      3.06
     8.99     -8.71     52.88      8.88     -7.03     52.90      1.69
    16.51     22.50     12.06     17.52     24.75     12.82      2.58
   -21.80      6.90    -27.43    -21.53     12.20    -28.82      5.48
   -31.48    -29.82    -18.98    -31.48    -29.82    -18.98      0.00
    -4.05     -5.92     37.58     -3.50     -5.35     37.44      0.80
    27.14      7.92     28.56     27.14      7.92     28.56      0.00
     8.39     -8.60     62.53      8.35     -7.41     61.95      1.33
    33.71      5.28    -27.38     33.71      5.28    -27.38      0.00
    14.35     -8.67     34.43     13.82     -6.06     33.69      2.76
    -6.84      8.47      9.81     -9.73      9.95     10.26      3.28
    15.14      7.84     62.28     15.14      7.84     62.28      0.00
