20 output/pa3-G-output.txt
   -11.33    -27.57    -20.11     -9.58    -28.34    -19.94      1.92
    32.48     12.85      3.57     35.60     15.33      3.57      3.99
   -45.95    -12.07    -24.95    -45.95    -12.07    -24.95      0.00
     0.01    -13.79      7.89      0.82    -11.64      7.81      2.29
    25.91     -4.55     15.59     25.91     -4.55     15.59      0.00
    11.28    -10.38     12.58     11.28    -10.38     12.58      0.00
    -3.84    -14.30      0.87     -3.84    -14.30      0.87      0.00
    18.47      0.39     46.12     21.00     -0.63     46.73      2.80
   -14.09     -5.48    -49.79    -14.16     -5.99    -47.72      2.13
   -24.49    -25.88    -12.61    -24.49    -25.88    -12.61      0.00
   -44.76    -15.29    -22.15    -44.76    -15.29    -22.15      0.00
    11.35     20.47     23.64     12.12     23.59     23.28      3.24
   -32.10    -31.23    -23.23    -32.10    -31.23    -23.23      0.00
    -2.27     -0.22     61.04     -2.10     -1.28     63.42      2.62
     2.46    -14.73    -25.19      2.46    -14.73    -25.19      0.00
     4.42     18.91     33.52      4.20     21.62     34.70      2.96
    -1.53     -5.82    -29.22     -1.53     -5.82    -29.22      0.00
   -33.92    -29.95    -22.13    -33.92    -29.95    -22.13      0.00
   -37.66      3.29    -19.48    -37.66      3.29    -19.48      0.00
    35.24     -3.29    -10.87     35.24     -3.29    -10.87      0.00
