15 output/pa3-F-output.txt
    16.68     24.06      8.82     17.24     25.73      9.26      1.82
    30.10    -14.27    -12.22     27.97    -12.18    -13.04      3.10
    -6.96     18.46     40.21     -6.96     18.46     40.21      0.00
     4.61      0.16    -21.06      4.61      0.16    -21.06      0.00
     4.53    -19.81    -14.37      3.10    -18.05    -14.15      2.27
     2.14    -14.08    -28.53      2.14    -14.08    -28.53      0.00
    19.08     -2.73     39.78     19.08     -2.73     39.78      0.00
    11.42     25.74      1.67     11.42     25.74      1.67      0.00
    13.60     -4.74     56.84     13.60     -4.74     56.84      0.00
     4.20     -6.50     63.39      4.20     -6.50     63.39      0.00
    32.12     -3.06    -25.00     32.12     -3.06    -25.00      0.00
     6.76     -9.96     17.40      6.76     -9.96     17.40      0.00
    15.77     21.10    -19.57     13.95     23.41    -19.44      2.94
   -24.99      4.87    -17.18    -24.74      6.83    -15.48      2.61
   -22.13     -1.93    -11.33    -23.15     -0.97     -9.19      2.56
