20 output/pa3-H-output.txt
   -30.72     -3.04    -43.00    -31.75     -2.20    -44.27      1.84
    -4.01     10.24     58.27     -5.76     11.12     58.40      1.96
   -36.50    -19.51    -10.24    -36.50    -19.51    -10.24      0.00
     0.92     -6.40     44.26      0.92     -6.40     44.26      0.00
   -17.43    -24.22    -45.49    -17.43    -24.22    -45.49      0.00
    19.57     17.26     56.32     19.57     17.26     56.32      0.00
    -9.69     -1.49     15.42     -9.69     -1.49     15.42      0.00
   -13.06     -5.28      5.53    -13.06     -5.28      5.53      0.00
   -31.05    -28.14    -13.20    -30.28    -27.35    -15.08      2.18
    25.97    -14.65    -20.76     25.73    -12.30    -19.91      2.51
    27.96     20.97     -9.66     28.16     22.34     -9.37      1.41
    24.76     22.55      5.51     24.76     22.55      5.51      0.00
     1.19     -4.62     48.53      0.33     -6.34     48.52      1.93
     4.19     22.39     21.49      4.19     22.39     21.49      0.00
   -21.44    -31.12    -11.71    -20.58    -29.01    -13.81      3.10
    -2.46      5.61    -15.45     -2.97      8.65    -15.38      3.08
   -35.92     -4.09    -13.66    -36.64     -3.46    -11.85      2.04
   -32.31     -4.54    -42.92    -33.09     -3.90    -44.30      1.70
    22.32      2.57     52.40     22.32      2.57     52.40      0.00
    -5.96     22.83     31.83     -5.62     24.14     31.78      1.35
