15 output/pa3-E-output.txt
    17.61     -1.59    -27.45     20.41     -0.43    -24.45      4.26
   -30.72      7.74    -31.33    -30.72      7.74    -31.33      0.00
   -32.04    -12.46    -49.83    -31.31    -12.54    -46.86      3.06
   -37.54    -23.54    -42.78    -35.42    -21.94    -39.51      4.22
   -41.05    -19.62    -15.83    -39.54    -19.05    -16.46      1.73
     3.53     17.88     60.08      3.53     17.88     60.08      0.00
    18.87     -9.26      7.48     18.87     -9.26      7.48      0.00
   -41.45    -17.55    -13.90    -39.88    -16.91    -15.35      2.23
   -10.90      7.74     52.02     -7.00      6.78     51.88      4.02
   -11.84     -6.48     15.49     -8.44     -6.37     14.71      3.49
    34.95      8.82     -9.89     37.75      8.83    -10.36      2.84
    11.58     20.78     42.43     11.58     20.78     42.43      0.00
   -22.22      9.58    -26.89    -21.77     12.26    -26.07      2.84
    -2.04     18.92     48.09     -2.04     18.92     48.09      0.00
    -0.12     -3.70    -26.14      0.02     -4.06    -27.24      1.17
