75 output/pa4-A-output.txt
    -8.50    -19.54     -8.68     -8.50    -19.55     -8.68     0.003
     3.30     18.51     60.47      3.30     18.50     60.47     0.007
    38.37      4.23    -12.32     38.37      4.22    -12.32     0.002
   -14.32    -28.19    -38.49    -14.32    -28.19    -38.49     0.002
   -18.71    -32.61    -28.06    -18.71    -32.61    -28.06     0.001
   -12.81     23.67     24.60    -12.81     23.66     24.60     0.005
    21.22     -7.70     10.72     21.22     -7.71     10.73     0.006
    23.60     -6.14     14.24     23.60     -6.15     14.24     0.004
    16.95     -3.21     59.03     16.94     -3.21     59.03     0.003
    38.68      2.67    -11.84     38.68      2.66    -11.84     0.004
     3.54    -14.21    -23.99      3.54    -14.21    -23.99     0.003
    26.10    -12.15    -19.93     26.10    -12.15    -19.93     0.001
    -5.34     -1.63     51.16     -5.35     -1.63     51.16     0.003
   -39.98     -7.70    -38.31    -39.98     -7.70    -38.31     0.000
   -35.09     -7.84    -44.45    -35.09     -7.84    -44.45     0.001
    -0.10     19.98     42.59     -0.10     19.97     42.59     0.008
   -42.34     -7.57    -17.97    -42.34     -7.57    -17.97     0.002
   -15.98    -31.64    -22.35    -15.98    -31.64    -22.35     0.002
    30.01      7.61     19.32     30.01      7.61     19.32     0.003
    16.04     -4.57     52.36     16.04     -4.57     52.36     0.002
   -42.32     -2.42    -23.54    -42.32     -2.42    -23.54     0.005
   -31.17    -26.11    -14.29    -31.17    -26.12    -14.29     0.003
   -41.22     -0.02    -28.31    -41.22     -0.02    -28.31     0.002
    -3.85     -6.52     30.58     -3.85     -6.52     30.58     0.005
    -5.83      2.06    -33.24     -5.83      2.06    -33.24     0.001
   -37.89      1.49    -35.77    -37.89      1.49    -35.77     0.002
    35.39     14.99     -1.20     35.39     14.98     -1.20     0.004
     0.32      0.44    -24.80      0.32      0.44    -24.80     0.003
    -7.35     12.76      9.31     -7.35     12.76      9.31     0.002
     1.98    -11.49     10.55      1.98    -11.49     10.55     0.002
    32.76      2.24     15.10     32.76      2.23     15.09     0.003
     6.48      6.37    -16.42      6.48      6.37    -16.42     0.002
   -40.44    -14.17    -31.02    -40.44    -14.17    -31.02     0.003
   -29.87    -15.29     -7.04    -29.87    -15.29     -7.04     0.002
    14.65     -6.92     21.01     14.65     -6.93     21.01     0.006
    35.18     -3.49     -4.08     35.18     -3.50     -4.08     0.002
    -8.24     14.77     39.78     -8.24     14.77     39.78     0.003
    -4.58    -10.94      6.92     -4.58    -10.94      6.91     0.001
    35.14     -4.12     -9.00     35.14     -4.12     -9.00     0.003
   -30.77    -14.67     -6.92    -30.77    -14.68     -6.91     0.003
     6.55     -2.73     63.38      6.55     -2.73     63.38     0.003
     0.18    -10.41     15.79      0.18    -10.41     15.79     0.001
    -2.73    -10.06     15.29     -2.73    -10.07     15.29     0.006
     9.13     -6.43    -21.91      9.13     -6.43    -21.91     0.003
    21.82     15.64     37.64     21.82     15.64     37.64     0.002
   -19.18    -27.20    -41.32    -19.18    -27.21    -41.32     0.004
    -0.41    -10.65     14.51     -0.42    -10.66     14.51     0.004
    -8.70    -25.88    -16.05     -8.70    -25.88    -16.06     0.002
    23.84     24.73     -5.47     23.84     24.72     -5.47     0.005
    34.73     15.67    -11.70     34.72     15.67    -11.70     0.004
    -0.83    -10.06     17.21     -0.84    -10.06     17.21     0.003
    10.53     24.52     -5.77     10.53     24.52     -5.77     0.002
    -3.57     10.68     -3.25     -3.57     10.68     -3.25     0.004
   -29.16      4.58    -14.06    -29.16      4.57    -14.06     0.002
    -0.09    -19.80    -15.82     -0.09    -19.79    -15.82     0.004
    36.97     13.13     -2.48     36.97     13.12     -2.48     0.009
   -16.76      0.17      0.16    -16.77      0.17      0.16     0.003
   -23.35     11.80    -22.11    -23.35     11.81    -22.11     0.002
    15.51    -17.22    -10.13     15.51    -17.22    -10.13     0.000
   -34.70    -19.29    -10.76    -34.70    -19.29    -10.76     0.001
   -31.73      3.09    -13.92    -31.74      3.09    -13.92     0.003
    19.50     15.98     51.02     19.50     15.98     51.02     0.005
   -33.19    -28.27    -20.76    -33.19    -28.27    -20.76     0.003
    18.84     18.24     43.59     18.84     18.23     43.59     0.005
    -1.23    -13.31    -36.24     -1.23    -13.31    -36.24     0.002
     6.57     23.08     27.08      6.57     23.07     27.08     0.007
    21.84     23.57    -23.78     21.83     23.56    -23.78     0.004
    11.19     24.63     16.75     11.19     24.63     16.75     0.001
    -1.93      0.32    -26.84     -1.93      0.32    -26.84     0.001
   -15.13    -16.77     -5.59    -15.13    -16.77     -5.59     0.003
   -41.91    -10.79    -29.65    -41.91    -10.79    -29.65     0.002
    -6.00     11.09     48.80     -6.00     11.09     48.80     0.003
   -31.40    -20.71     -8.96    -31.40    -20.71     -8.96     0.001
    -0.86    -20.41    -16.48     -0.86    -20.42    -16.48     0.007
    34.82     15.59    -11.50     34.82     15.58    -11.50     0.003
