200 output/PA4-J-output.txt
    18.41    -10.12      6.27     18.38    -10.07      6.25     0.062
    -0.99      1.30    -25.19     -1.03      1.29    -25.17     0.046
    28.01     22.19    -11.46     28.07     22.27    -11.47     0.095
    -6.65      2.34     48.03     -6.57      2.35     48.03     0.081
    34.07      1.31     13.13     34.12      1.31     13.17     0.066
     1.10     10.32     -9.38      1.06     10.42     -9.42     0.116
    14.27    -16.34    -12.03     14.28    -16.30    -12.01     0.043
    34.85     15.19    -12.96     34.81     15.18    -12.95     0.043
   -39.93    -13.37    -36.58    -39.92    -13.37    -36.58     0.018
    21.18      4.61    -28.40     21.14      4.59    -28.44     0.063
    25.46     14.10     26.28     25.47     14.10     26.29     0.015
    20.02     22.54    -26.47     20.04     22.57    -26.49     0.044
    31.59     12.89     13.71     31.57     12.88     13.69     0.031
     9.60    -14.71    -16.32      9.60    -14.72    -16.33     0.016
    35.62      7.83    -18.77     35.63      7.83    -18.77     0.010
    38.32      5.57      8.12     38.32      5.57      8.11     0.006
   -12.25     10.12    -21.32    -12.27     10.07    -21.32     0.056
     2.49    -13.19      0.12      2.48    -13.25      0.13     0.064
    15.08     -4.35     60.75     15.14     -4.44     60.75     0.109
   -43.06    -13.32    -21.62    -43.07    -13.32    -21.62     0.011
   -24.67    -32.04    -21.63    -24.68    -32.13    -21.60     0.092
    19.27     24.78     10.91     19.24     24.68     10.88     0.113
   -39.90    -11.20    -34.76    -39.96    -11.21    -34.76     0.064
    -7.10     13.46      9.66     -7.08     13.44      9.67     0.025
    12.19     -6.46     30.19     12.18     -6.41     30.18     0.053
   -22.17     12.09    -25.35    -22.17     12.13    -25.34     0.043
    -8.84    -29.07    -25.46     -8.85    -29.06    -25.46     0.014
     8.81     19.92     59.95      8.81     19.88     59.92     0.048
     3.38    -15.76    -22.08      3.50    -15.83    -22.13     0.140
    -5.99    -18.31     -8.29     -6.01    -18.27     -8.30     0.037
    39.47      3.47      3.96     39.55      3.46      3.96     0.080
    11.53     14.72     63.08     11.53     14.72     63.11     0.033
   -34.40     -0.01    -41.56    -34.41      0.00    -41.57     0.021
     0.42      4.02    -22.30      0.41      4.01    -22.29     0.010
    -6.48     -1.27     36.16     -6.30     -1.23     36.14     0.186
     2.43     -4.27     63.46      2.43     -4.27     63.45     0.011
    10.98    -12.73    -18.54     11.01    -12.80    -18.60     0.098
    12.56     17.11    -28.65     12.50     17.09    -28.66     0.064
    22.59     13.96     40.27     22.54     13.93     40.26     0.054
   -42.99    -10.44    -27.96    -43.10    -10.49    -28.03     0.146
   -22.55     -1.76    -47.31    -22.55     -1.73    -47.38     0.073
    -6.03     24.61     28.15     -6.00     24.74     28.18     0.130
    29.13     -6.32     10.97     29.09     -6.21     10.92     0.122
   -33.13      5.13    -37.53    -33.07      5.07    -37.46     0.117
    25.27     11.76     30.22     25.39     11.80     30.24     0.127
    -4.14     20.98     38.29     -4.10     20.76     38.20     0.244
    25.53     14.72     25.09     25.54     14.73     25.09     0.013
   -32.34      0.50    -42.39    -32.32      0.47    -42.35     0.052
   -30.92      7.48    -16.89    -30.88      7.43    -16.91     0.066
    12.40     -0.45    -21.37     12.39     -0.39    -21.47     0.112
    15.26    -12.97      3.33     15.24    -12.90      3.30     0.076
   -21.10    -14.70     -5.63    -21.10    -14.70     -5.63     0.006
    13.08    -14.98      1.07     13.06    -14.94      1.04     0.054
     4.03      0.17    -22.64      4.02      0.17    -22.63     0.018
   -25.05     11.83    -25.49    -25.05     11.81    -25.49     0.022
   -11.79      5.85      5.52    -11.88      5.91      5.53     0.103
    -8.05     19.33     14.36     -8.03     19.31     14.39     0.036
     5.52    -15.75     -6.29      5.52    -15.74     -6.29     0.004
     0.70     -7.58     31.73      0.70     -7.56     31.73     0.026
   -16.32     17.41     23.86    -16.30     17.41     23.87     0.011
   -32.37     -2.81    -44.27    -32.35     -2.82    -44.23     0.043
    -8.79    -27.13    -35.29     -8.80    -27.12    -35.29     0.005
    15.00     23.21     23.53     15.00     23.21     23.53     0.002
    12.59    -10.56      8.53     12.64    -10.76      8.59     0.218
    27.79      5.81     26.18     27.63      5.83     26.13     0.171
   -15.87     -5.94      1.96    -15.84     -5.93      1.94     0.028
    23.76     14.01     34.06     23.65     13.96     34.03     0.120
   -15.82    -13.85    -48.47    -15.83    -13.85    -48.48     0.007
     2.83     -7.37     30.32      2.84     -7.55     30.33     0.173
    -2.34     -9.89     17.24     -2.37     -9.95     17.25     0.063
   -12.14    -23.58    -42.70    -12.13    -23.59    -42.71     0.006
    25.30     24.00    -10.39     25.26     23.90    -10.38     0.109
    36.97      9.10      8.73     36.88      9.07      8.65     0.125
    11.09     -3.79     63.37     11.09     -3.79     63.33     0.044
     3.72     -7.19     52.89      3.72     -7.12     52.89     0.069
   -42.41    -13.21    -18.84    -42.36    -13.20    -18.86     0.053
    21.61     18.05    -28.96     21.56     17.99    -28.88     0.108
   -43.44     -8.58    -21.40    -43.46     -8.58    -21.39     0.016
     0.89      1.37     63.45      0.89      1.37     63.46     0.013
    -6.36     10.44     60.16     -6.17     10.35     60.16     0.205
    34.76     -4.95    -17.22     34.72     -4.92    -17.21     0.051
    -7.25      7.40     40.54     -7.22      7.41     40.53     0.038
    12.30      8.59     63.04     12.30      8.59     63.03     0.007
     4.22     -7.95     25.38      4.24     -8.07     25.41     0.124
    22.52     14.94     36.02     22.59     14.98     36.04     0.085
    -5.10     -2.23     51.08     -5.03     -2.19     51.07     0.083
    27.02      5.08     27.67     27.07      5.08     27.69     0.049
   -17.04    -21.17    -45.79    -17.03    -21.17    -45.80     0.011
   -33.81     -9.86     -7.67    -33.81     -9.86     -7.67     0.003
   -23.68     10.26    -35.17    -23.68     10.27    -35.18     0.014
    26.09      7.00    -30.20     26.09      7.00    -30.23     0.021
   -13.50      9.13    -34.72    -13.52      9.09    -34.71     0.042
   -28.50    -31.56    -28.12    -28.44    -31.43    -28.11     0.135
   -31.33    -28.44    -34.68    -31.37    -28.51    -34.70     0.082
    -0.03     19.85     42.68     -0.07     19.97     42.70     0.119
    15.39     27.07     -3.74     15.40     26.96     -3.72     0.105
     4.64     -5.38    -24.24      4.62     -5.39    -24.21     0.035
    -9.41    -20.51    -43.37     -9.39    -20.55    -43.44     0.081
    -1.39     18.16      7.76     -1.41     18.18      7.75     0.029
     0.14    -12.60    -32.15      0.14    -12.60    -32.15     0.002
    17.29     10.66    -28.04     17.27     10.64    -28.05     0.027
    -6.62      8.79     59.88     -6.66      8.80     59.88     0.037
    -0.76     -8.74    -31.13     -0.90     -8.77    -31.06     0.162
   -25.77     11.69    -24.49    -25.76     11.61    -24.50     0.079
   -34.69    -26.81    -19.55    -34.66    -26.78    -19.56     0.040
   -35.47    -26.01    -18.84    -35.44    -25.96    -18.87     0.061
   -35.34      1.43    -13.69    -35.33      1.43    -13.70     0.007
   -39.85     -6.44    -14.16    -39.91     -6.42    -14.12     0.074
    -8.21    -25.45    -37.33     -8.20    -25.46    -37.33     0.005
    11.15     -6.42     49.34     11.15     -6.34     49.34     0.073
   -22.31     -5.04     -5.45    -22.29     -5.06     -5.48     0.043
    14.11     14.16     63.03     14.11     14.16     63.10     0.069
    28.10     -7.70      7.09     28.10     -7.72      7.10     0.023
    28.16      8.28    -30.00     28.16      8.28    -30.00     0.001
     0.51     -3.38     63.45      0.51     -3.38     63.41     0.038
    31.34     -3.43    -25.19     31.40     -3.45    -25.25     0.085
     4.25     -7.66    -24.90      4.25     -7.66    -24.90     0.009
   -11.71      6.03    -38.70    -11.73      6.00    -38.68     0.037
     5.21    -13.11    -22.39      5.24    -13.12    -22.42     0.043
   -29.34      9.04    -18.89    -29.33      8.99    -18.92     0.065
    23.33     24.39    -19.76     23.31     24.32    -19.75     0.077
    -3.25     -3.85    -33.28     -3.28     -3.85    -33.27     0.027
   -35.09    -13.13    -45.12    -35.16    -13.17    -45.20     0.119
   -18.60     -6.89     -2.34    -18.61     -6.89     -2.32     0.028
    37.20     12.43      6.80     37.21     12.43      6.80     0.004
    17.30    -16.08    -14.46     17.31    -16.04    -14.44     0.041
     8.84     26.07      5.83      8.84     26.07      5.83     0.001
    -0.32     -6.17     50.73     -0.29     -6.11     50.73     0.068
    -5.08     -2.02     62.44     -5.05     -2.01     62.41     0.047
     1.87     21.82     34.54      1.87     21.79     34.53     0.033
    -6.03     -0.31     49.20     -5.86     -0.25     49.20     0.184
    -2.38     24.08     28.25     -2.38     24.08     28.25     0.001
   -33.44    -28.26    -32.51    -33.40    -28.19    -32.48     0.089
    33.70     -7.16    -15.26     33.63     -7.11    -15.26     0.090
   -28.73    -22.80     -9.18    -28.76    -22.87     -9.07     0.130
   -36.73      4.59    -21.08    -36.70      4.55    -21.09     0.048
    22.87     -6.41    -25.06     22.84     -6.43    -25.11     0.061
    22.01     -5.58     20.37     21.99     -5.54     20.36     0.049
   -19.20     11.45    -33.42    -19.21     11.36    -33.39     0.098
   -35.22    -27.13    -30.26    -35.21    -27.12    -30.25     0.015
    14.99     24.82     14.72     14.98     24.77     14.71     0.052
    31.75      1.38    -25.89     31.77      1.38    -25.90     0.016
     6.72     -7.27     54.17      6.72     -7.24     54.17     0.031
   -28.26    -20.43    -45.58    -28.31    -20.51    -45.73     0.181
   -13.10     17.46     17.55    -13.10     17.46     17.54     0.006
    12.24     15.36     63.15     12.24     15.36     63.09     0.061
    31.54     15.24    -21.84     31.47     15.21    -21.80     0.088
    11.97     17.05    -25.42     11.90     17.02    -25.43     0.075
   -25.59      5.73    -40.99    -25.60      5.75    -41.02     0.042
     7.48     -7.40     60.74      7.47     -7.36     60.74     0.043
    -5.43     -1.06     47.13     -5.56     -1.17     47.18     0.174
    22.89      1.23    -27.81     22.90      1.23    -27.79     0.019
    23.07      3.89     44.74     23.00      3.91     44.72     0.065
    24.69     -4.23     19.84     24.72     -4.30     19.86     0.084
    22.09      5.09     51.87     22.17      5.08     51.88     0.082
     5.34    -16.79    -12.74      5.36    -16.84    -12.74     0.056
    31.28     -9.10    -13.93     31.34     -9.18    -13.92     0.105
    34.03     16.41     -8.31     34.12     16.49     -8.30     0.114
    24.06      6.26     41.97     23.90      6.25     41.95     0.160
    15.74     25.65    -10.76     15.76     25.60    -10.75     0.054
    -6.16     -0.22     44.38     -5.94     -0.14     44.38     0.230
   -13.04     -7.21      4.69    -13.01     -7.19      4.66     0.040
   -16.23     17.04     22.65    -16.28     17.07     22.65     0.060
   -13.39    -13.75    -47.70    -13.42    -13.74    -47.65     0.059
    25.66    -12.36     -3.87     25.64    -12.30     -3.92     0.078
   -16.98      2.42     -6.05    -16.97      2.41     -6.05     0.017
    15.57      4.14     63.07     15.56      4.14     63.05     0.026
    -0.69    -16.47    -34.83     -0.64    -16.49    -34.85     0.060
     3.45    -17.52    -17.77      3.48    -17.57    -17.78     0.060
   -13.11      3.23      8.44    -13.12      3.23      8.44     0.012
    -0.72     21.59     35.95     -0.71     21.65     35.96     0.067
    29.37     -6.22    -24.90     29.37     -6.16    -24.84     0.086
    -2.75     -4.63     47.55     -2.90     -4.81     47.56     0.228
    13.06     -6.13     30.09     13.08     -6.32     30.10     0.190
    -1.93     23.01     31.55     -1.89     23.20     31.60     0.195
   -12.58     10.61    -23.88    -12.56     10.68    -23.87     0.074
    -3.63    -17.60     -8.11     -3.62    -17.73     -8.05     0.141
    -2.08      9.31    -10.27     -2.12      9.42    -10.29     0.114
   -34.43     -8.09    -45.09    -34.44     -8.08    -45.10     0.016
    -3.87    -23.98    -19.63     -3.92    -23.93    -19.65     0.073
   -39.95    -19.84    -18.20    -39.99    -19.86    -18.18     0.053
    18.22     -5.41     29.68     18.22     -5.42     29.68     0.010
    12.00    -16.04    -11.92     12.00    -16.02    -11.91     0.029
   -32.96    -15.29    -45.47    -32.97    -15.31    -45.50     0.034
    16.16    -17.04    -11.84     16.20    -16.87    -11.79     0.186
    34.19     -3.92    -20.20     34.14     -3.91    -20.19     0.058
    -5.65      0.76     62.43     -5.71      0.75     62.43     0.060
    -8.76    -25.67    -37.79     -8.80    -25.62    -37.75     0.074
   -40.59      0.72    -28.12    -40.68      0.78    -28.13     0.106
    -3.13      0.78    -28.26     -3.18      0.75    -28.21     0.082
    27.16      1.74    -30.13     27.18      1.76    -30.07     0.072
   -12.38    -27.55    -38.43    -12.39    -27.54    -38.42     0.014
    12.52     19.09    -29.53     12.42     19.11    -29.61     0.129
    22.47      7.27     52.07     22.33      7.27     52.05     0.140
   -16.03    -12.42     -2.94    -16.01    -12.38     -2.99     0.066
   -11.71    -26.99    -38.73    -11.73    -26.96    -38.71     0.044
   -16.45      4.79    -11.08    -16.50      4.93    -11.01     0.164
    21.22     24.90      7.09     21.23     24.94      7.10     0.050
    19.23     -3.89     39.16     19.06     -3.67     39.10     0.294
   -10.56      8.07    -16.20    -10.56      8.11    -16.20     0.046
