200 output/PA4-G-output.txt
    16.78     -8.27    -21.92     16.77     -8.28    -21.94     0.018
   -25.41    -15.75    -47.89    -25.40    -15.75    -47.88     0.013
    15.38     17.87     62.09     15.39     17.87     62.09     0.009
    19.52      6.91    -27.09     19.49      6.91    -27.10     0.029
    18.11     19.92     40.53     18.12     19.94     40.54     0.027
    -6.90      3.48     37.33     -6.86      3.49     37.33     0.043
     2.36     -9.15     21.46      2.36     -9.15     21.46     0.005
   -41.79     -1.13    -29.98    -41.78     -1.13    -29.98     0.002
   -22.85     12.31    -27.45    -22.85     12.30    -27.45     0.013
     3.89     18.33     -0.61      3.87     18.34     -0.62     0.022
     0.69    -18.88    -24.93      0.69    -18.87    -24.93     0.003
   -19.82     -4.17     -3.14    -19.82     -4.17     -3.14     0.001
    -4.55      0.32     63.18     -4.55      0.32     63.17     0.012
    29.48     -3.71    -26.04     29.48     -3.71    -26.09     0.046
   -10.97      8.33    -33.45    -10.98      8.31    -33.45     0.019
    10.93    -15.62     -0.87     10.93    -15.60     -0.88     0.021
    13.29     -5.77     56.55     13.30     -5.79     56.55     0.029
    36.57     -2.96      6.63     36.56     -2.95      6.63     0.010
     1.63    -17.32     -8.72      1.63    -17.31     -8.72     0.007
    16.09     23.08    -27.65     16.10     23.09    -27.66     0.012
   -17.51     -1.12     -0.56    -17.50     -1.13     -0.56     0.013
    14.46     13.93    -28.45     14.44     13.92    -28.46     0.021
    -0.11    -10.32     16.09     -0.11    -10.32     16.09     0.002
   -13.27     15.62     34.64    -13.28     15.62     34.64     0.005
   -18.03    -30.16    -16.48    -18.03    -30.18    -16.47     0.015
    23.17     15.33    -29.18     23.17     15.33    -29.18     0.000
    -6.14      0.27     45.96     -6.10      0.29     45.96     0.043
    39.49      3.29      4.59     39.50      3.29      4.59     0.009
   -38.98    -20.80    -34.42    -38.99    -20.80    -34.43     0.010
   -37.94     -9.57    -10.69    -37.95     -9.58    -10.68     0.023
     5.72    -10.77    -23.10      5.72    -10.77    -23.10     0.001
    -7.15      5.52     58.50     -7.08      5.51     58.49     0.073
    37.69     11.94     -3.92     37.71     11.95     -3.92     0.022
    32.92      5.80     14.81     32.92      5.80     14.81     0.003
    37.46     11.97      6.75     37.46     11.97      6.75     0.001
    -5.19    -19.27    -10.01     -5.19    -19.27    -10.01     0.001
    28.84     11.48     19.66     28.86     11.48     19.67     0.020
    30.22     20.65      4.35     30.23     20.66      4.35     0.015
     8.80     22.36     31.77      8.80     22.35     31.77     0.002
    24.75     -2.92     24.17     24.75     -2.91     24.16     0.005
    -5.47     18.78     40.92     -5.46     18.76     40.90     0.021
    11.40      7.30     62.96     11.40      7.30     62.94     0.014
    -6.74      3.32     49.10     -6.68      3.33     49.11     0.066
   -12.17    -23.26    -43.13    -12.18    -23.26    -43.12     0.013
    37.79      8.63    -10.35     37.81      8.64    -10.36     0.020
     5.72     23.18      2.66      5.71     23.19      2.65     0.017
    -9.60      7.46    -33.58     -9.62      7.44    -33.57     0.028
    14.36     21.75     42.73     14.37     21.77     42.73     0.019
    14.17     12.90    -15.06     14.16     12.90    -15.06     0.014
    15.66     11.49    -22.98     15.66     11.49    -22.98     0.002
   -14.25    -27.91    -15.17    -14.25    -27.92    -15.17     0.008
    16.17      9.53    -21.61     16.14      9.52    -21.62     0.032
    19.32     19.56    -29.05     19.33     19.57    -29.06     0.015
   -43.69     -5.62    -24.46    -43.71     -5.62    -24.45     0.029
   -41.75    -14.57    -18.01    -41.77    -14.58    -18.00     0.023
    -0.79     -6.20     62.32     -0.79     -6.19     62.31     0.018
    27.74     17.18     15.59     27.74     17.19     15.60     0.008
   -13.67      6.94    -13.51    -13.67      6.94    -13.51     0.005
   -10.62    -29.35    -31.79    -10.63    -29.35    -31.79     0.010
   -34.92     -9.98     -7.97    -34.93     -9.98     -7.94     0.033
    12.71     17.50    -14.74     12.70     17.49    -14.75     0.019
    20.14     19.71     31.17     20.16     19.73     31.18     0.034
   -28.01    -31.09    -32.02    -28.02    -31.10    -32.02     0.010
    35.60     -3.60     -7.57     35.57     -3.57     -7.57     0.035
    -6.36      3.34    -32.28     -6.40      3.33    -32.28     0.037
     1.72      0.75     63.45      1.72      0.75     63.45     0.007
    30.60     20.42     -6.88     30.61     20.44     -6.88     0.018
   -27.52    -31.42    -21.46    -27.52    -31.42    -21.46     0.007
    31.58     13.91    -22.90     31.59     13.92    -22.91     0.012
    -2.70     18.59     44.21     -2.69     18.57     44.21     0.017
    -6.87    -14.91     -2.85     -6.87    -14.92     -2.85     0.000
    21.72      1.79     48.89     21.76      1.77     48.90     0.040
    -4.40     11.85      1.90     -4.40     11.85      1.90     0.001
     7.84     22.21     -4.59      7.82     22.22     -4.60     0.026
    22.58     13.86     39.89     22.61     13.88     39.90     0.039
   -18.91    -26.92    -11.67    -18.91    -26.93    -11.66     0.018
   -37.98    -24.80    -25.13    -38.00    -24.81    -25.13     0.017
    33.82      1.30    -22.95     33.83      1.30    -22.95     0.005
     0.15    -10.46    -29.88      0.15    -10.46    -29.87     0.010
   -38.94     -8.30    -12.09    -38.96     -8.30    -12.08     0.015
   -15.55      2.31     -0.28    -15.55      2.31     -0.28     0.004
    24.30     23.76    -19.71     24.31     23.78    -19.71     0.018
     1.67     -7.10     55.05      1.67     -7.10     55.05     0.003
   -30.89    -30.36    -24.81    -30.90    -30.37    -24.81     0.009
    17.01     21.90    -28.73     17.01     21.91    -28.74     0.013
   -12.79      8.94    -34.04    -12.79      8.92    -34.04     0.019
    40.07      3.60     -1.09     40.06      3.60     -1.09     0.012
    17.85     25.47    -14.11     17.85     25.50    -14.11     0.026
     3.13     -3.26    -24.54      3.13     -3.26    -24.55     0.006
    -2.95     15.82     49.48     -2.92     15.79     49.48     0.043
   -31.77    -26.33    -38.20    -31.78    -26.34    -38.21     0.008
    29.54     -1.68     17.54     29.54     -1.67     17.53     0.014
    12.93     24.95     -9.03     12.92     24.98     -9.04     0.035
   -11.13    -19.14    -44.82    -11.14    -19.13    -44.83     0.020
   -39.46    -22.11    -30.63    -39.47    -22.11    -30.63     0.009
     4.30    -15.42    -21.60      4.30    -15.42    -21.60     0.002
     2.29    -13.62    -26.05      2.28    -13.62    -26.05     0.003
     0.73      6.16    -19.44      0.73      6.17    -19.44     0.003
   -11.85    -26.61    -39.33    -11.86    -26.60    -39.32     0.016
     7.68     20.84     -5.88      7.66     20.85     -5.89     0.024
    -6.76     13.93      9.85     -6.75     13.93      9.85     0.010
    36.95     12.53     -7.79     36.95     12.53     -7.79     0.006
    21.74     -5.10     22.71     21.74     -5.10     22.71     0.001
    -0.76     21.69     35.78     -0.76     21.69     35.79     0.001
    -6.87      5.69    -27.61     -6.88      5.68    -27.61     0.019
   -35.38    -18.40    -10.66    -35.39    -18.42    -10.63     0.035
     8.10     22.89     28.53      8.10     22.88     28.52     0.005
     4.95    -16.92    -11.01      4.94    -16.92    -11.01     0.003
   -23.73     -7.92    -48.99    -23.73     -7.94    -48.97     0.031
     6.44     21.05     -2.81      6.42     21.06     -2.82     0.022
    -5.86     23.47     33.24     -5.86     23.47     33.24     0.003
   -34.06    -21.00    -11.31    -34.07    -21.01    -11.30     0.023
    18.49     16.73     52.81     18.53     16.76     52.82     0.048
    18.54     -1.12     59.80     18.59     -1.16     59.80     0.058
    29.42     -9.28      0.47     29.40     -9.26      0.47     0.023
   -34.73    -26.54    -18.99    -34.74    -26.55    -18.99     0.017
    25.59     -2.62     23.17     25.59     -2.61     23.16     0.008
    -7.65    -27.18    -33.36     -7.65    -27.18    -33.36     0.002
   -37.91    -23.96    -31.71    -37.92    -23.97    -31.71     0.014
   -25.72    -20.11    -46.53    -25.72    -20.11    -46.52     0.010
    27.07     20.12    -22.61     27.08     20.13    -22.61     0.016
   -10.15    -29.32    -22.47    -10.15    -29.33    -22.47     0.011
   -13.89      6.38    -11.74    -13.89      6.38    -11.74     0.008
    -1.37      0.80    -25.88     -1.38      0.80    -25.87     0.017
     5.98     -7.82     24.36      5.98     -7.83     24.37     0.017
   -15.12     20.25     22.16    -15.10     20.24     22.17     0.028
    38.36     11.00     -0.66     38.37     11.01     -0.66     0.016
    23.93    -14.66    -16.04     23.93    -14.65    -16.04     0.011
   -14.18    -31.58    -26.26    -14.18    -31.58    -26.26     0.002
    17.14     22.95     22.87     17.15     22.97     22.87     0.019
    12.32     -7.45    -21.73     12.31     -7.45    -21.74     0.015
    12.35     16.49    -26.38     12.32     16.48    -26.39     0.026
    26.81    -11.83     -7.03     26.80    -11.82     -7.03     0.020
    29.52     20.91    -17.25     29.53     20.91    -17.25     0.010
   -37.48    -12.24    -10.78    -37.50    -12.25    -10.76     0.026
    23.79      7.12     42.23     23.83      7.12     42.23     0.043
    31.12     19.88     -0.54     31.13     19.89     -0.54     0.015
    18.55     23.36     17.85     18.55     23.37     17.85     0.009
    19.71     26.46      0.15     19.72     26.48      0.15     0.020
    11.11    -11.37      7.90     11.11    -11.37      7.90     0.010
    -3.53     -4.23     48.70     -3.52     -4.22     48.70     0.017
    15.41    -12.12    -18.57     15.41    -12.13    -18.57     0.005
   -19.27     10.38    -19.62    -19.27     10.39    -19.62     0.007
   -29.48    -14.65    -47.18    -29.48    -14.65    -47.15     0.027
    12.26     23.19     26.48     12.26     23.20     26.48     0.002
    25.39    -12.79     -4.99     25.38    -12.77     -5.00     0.023
    -0.71     17.49     52.72     -0.69     17.45     52.72     0.040
    11.76     14.27    -11.43     11.75     14.27    -11.45     0.022
    -9.94      7.06     -4.94     -9.95      7.06     -4.94     0.004
    19.12     -8.91      8.32     19.12     -8.89      8.31     0.021
   -12.45      4.82      8.37    -12.43      4.80      8.37     0.024
    37.38      8.83    -11.26     37.39      8.83    -11.27     0.012
   -18.30    -30.39    -16.67    -18.30    -30.41    -16.65     0.018
   -11.63     -1.85     12.28    -11.61     -1.84     12.28     0.018
    37.69      7.12    -11.64     37.70      7.13    -11.65     0.020
    22.17     13.93    -30.03     22.17     13.93    -30.03     0.005
    -2.60    -22.33    -18.15     -2.60    -22.34    -18.15     0.004
   -22.71     11.65    -31.49    -22.71     11.64    -31.49     0.014
    15.26     14.38    -29.62     15.26     14.37    -29.63     0.016
    28.46     22.11     -3.25     28.47     22.12     -3.25     0.013
    25.55    -12.87     -5.71     25.53    -12.84     -5.71     0.029
    20.55    -14.88     -3.89     20.54    -14.86     -3.91     0.027
    -9.72    -23.71    -40.96     -9.72    -23.71    -40.95     0.012
    -7.17      1.84     33.57     -7.12      1.85     33.57     0.046
   -34.08    -24.74    -15.24    -34.09    -24.75    -15.23     0.022
    35.86     14.83      2.54     35.88     14.84      2.54     0.019
    33.94     15.96      7.29     33.95     15.97      7.29     0.008
    19.57      0.22     58.92     19.62      0.19     58.93     0.061
   -38.42    -16.72    -13.23    -38.43    -16.72    -13.22     0.022
   -22.22    -12.70    -48.01    -22.22    -12.70    -48.01     0.000
   -17.74      4.32    -42.87    -17.74      4.31    -42.86     0.011
    -0.75     -4.75     63.47     -0.75     -4.75     63.46     0.009
     2.60     -7.54     30.29      2.60     -7.56     30.29     0.020
    12.68    -16.92     -8.81     12.69    -16.90     -8.81     0.019
    -6.67      5.06    -29.31     -6.68      5.05    -29.31     0.016
    21.23     20.75     24.66     21.24     20.77     24.66     0.022
   -24.65     11.43    -22.35    -24.64     11.43    -22.35     0.007
     9.77     -5.35     63.40      9.77     -5.35     63.39     0.014
   -15.33     10.67    -32.21    -15.34     10.65    -32.21     0.023
     8.46     12.19    -10.19      8.45     12.21    -10.21     0.025
   -31.26      6.96    -35.61    -31.26      6.95    -35.60     0.006
    -9.85      8.25      6.01     -9.85      8.25      6.01     0.005
    -9.29      5.38     26.54     -9.27      5.39     26.53     0.023
    -2.23     -1.85     63.43     -2.23     -1.85     63.43     0.004
   -39.85    -16.22    -33.22    -39.87    -16.22    -33.22     0.013
    -9.51     25.06     25.51     -9.50     25.04     25.51     0.012
     5.40    -13.00    -22.34      5.40    -13.00    -22.34     0.006
   -34.87    -27.09    -32.09    -34.89    -27.11    -32.09     0.019
   -19.18    -19.03    -47.30    -19.18    -19.03    -47.29     0.015
    22.07    -13.28    -20.37     22.06    -13.28    -20.36     0.008
    21.17     25.43    -12.55     21.17     25.46    -12.55     0.029
   -12.30      5.40      5.04    -12.30      5.40      5.04     0.000
    16.28     24.22    -25.66     16.28     24.26    -25.66     0.032
    22.72     24.97    -11.38     22.73     24.99    -11.38     0.019
    10.39     -6.49     44.85     10.40     -6.50     44.85     0.008
    13.13     -9.47     11.72     13.13     -9.45     11.71     0.015
    39.57      2.61      0.85     39.56      2.62      0.85     0.010
    12.91     -7.83     16.73     12.90     -7.81     16.73     0.020
   -38.93    -12.21    -40.62    -38.93    -12.21    -40.63     0.008
    38.67      1.31      7.12     38.66      1.32      7.12     0.018
