200 output/PA4-D-output.txt
    -6.84      5.00     45.73     -6.84      5.00     45.73     0.002
    10.72      1.95     63.12     10.72      1.95     63.12     0.004
    -8.71      1.89    -40.08     -8.71      1.88    -40.08     0.003
    11.31      4.79    -17.45     11.31      4.79    -17.45     0.001
    19.04    -17.39     -9.84     19.04    -17.39     -9.84     0.004
     8.87    -12.15    -20.57      8.86    -12.15    -20.57     0.003
   -36.81    -18.87    -12.28    -36.81    -18.87    -12.29     0.001
   -19.39     11.86    -31.48    -19.39     11.85    -31.48     0.010
   -22.92    -16.17     -6.12    -22.92    -16.17     -6.12     0.001
   -43.86    -10.07    -23.45    -43.86    -10.07    -23.44     0.006
    38.44     10.61      4.19     38.45     10.61      4.19     0.007
   -35.44     -7.57     -9.04    -35.44     -7.57     -9.05     0.008
     1.13     -7.07    -27.41      1.14     -7.07    -27.42     0.004
    -1.40    -16.72     -6.51     -1.40    -16.73     -6.51     0.002
     4.23     21.32     36.72      4.23     21.32     36.72     0.007
     1.01     19.43     46.12      1.01     19.44     46.12     0.010
    17.17     -3.92     48.93     17.17     -3.92     48.93     0.002
     7.23    -12.52      6.31      7.23    -12.52      6.31     0.005
    22.11      2.39     48.25     22.11      2.39     48.25     0.008
    -8.43    -12.74      0.27     -8.43    -12.74      0.27     0.002
    -5.09     21.14     14.60     -5.09     21.13     14.60     0.005
   -40.62      0.11    -20.88    -40.61      0.11    -20.88     0.009
    17.29     26.72      4.05     17.29     26.72      4.05     0.003
    13.78     -5.07     61.95     13.78     -5.07     61.95     0.000
   -22.67      2.25    -44.65    -22.67      2.25    -44.65     0.005
   -15.48    -12.61     -2.89    -15.48    -12.61     -2.89     0.006
   -11.94      6.64     11.81    -11.94      6.64     11.81     0.001
    -6.06     -3.30     33.42     -6.05     -3.29     33.42     0.005
   -15.32     13.08     28.87    -15.33     13.07     28.87     0.010
    30.76     20.32     -2.47     30.77     20.32     -2.47     0.003
    -5.74     13.80      8.18     -5.74     13.80      8.18     0.000
     3.82    -17.14     -9.82      3.82    -17.14     -9.82     0.003
    11.88     20.39    -22.15     11.88     20.39    -22.15     0.002
    -3.38     16.68      8.83     -3.37     16.68      8.83     0.005
    30.71      2.46    -27.74     30.71      2.46    -27.74     0.003
   -37.96    -21.02    -15.95    -37.96    -21.02    -15.95     0.002
    28.86     21.78     -5.71     28.86     21.79     -5.71     0.006
    13.71     24.74    -10.47     13.70     24.74    -10.47     0.002
    -6.77      2.85     57.54     -6.77      2.85     57.54     0.001
    -7.36     -4.34     24.77     -7.37     -4.34     24.77     0.005
     6.54     -6.82     42.40      6.54     -6.82     42.40     0.003
    -6.65      3.26     47.82     -6.66      3.26     47.82     0.003
   -26.75    -31.19    -19.92    -26.75    -31.20    -19.92     0.006
    -3.92    -24.11    -31.26     -3.91    -24.12    -31.26     0.008
     3.49    -12.93      2.37      3.48    -12.93      2.38     0.001
   -42.96    -15.81    -24.11    -42.96    -15.81    -24.11     0.002
     2.36    -16.50     -7.37      2.36    -16.50     -7.37     0.002
   -17.75     11.87    -24.30    -17.76     11.87    -24.30     0.007
    31.59     19.48    -10.22     31.59     19.48    -10.22     0.001
     3.87     20.19     43.72      3.87     20.18     43.72     0.015
    11.66     25.20     13.69     11.66     25.20     13.69     0.004
    11.71     18.01    -22.62     11.70     18.01    -22.62     0.010
   -10.98      7.47     22.94    -10.98      7.47     22.94     0.000
     6.30     20.20     -3.88      6.30     20.20     -3.88     0.004
    16.58     -2.32    -22.30     16.58     -2.32    -22.30     0.002
   -36.94    -24.30    -33.81    -36.94    -24.30    -33.81     0.003
     3.37      1.11     63.42      3.37      1.11     63.42     0.002
    23.00     -5.02     20.60     23.00     -5.02     20.60     0.001
     0.26     19.51      6.89      0.26     19.51      6.89     0.000
    12.10     22.87     28.59     12.10     22.87     28.59     0.002
     8.90    -13.92    -18.38      8.90    -13.92    -18.38     0.004
    -9.81     -2.83     16.20     -9.81     -2.83     16.20     0.006
     5.31    -13.23    -22.32      5.31    -13.24    -22.32     0.003
   -33.79    -25.49    -15.86    -33.79    -25.49    -15.86     0.000
    33.98      2.96     13.40     33.99      2.96     13.40     0.007
     1.53     -6.86     62.85      1.53     -6.85     62.85     0.004
    -4.06      8.00    -17.57     -4.06      8.00    -17.57     0.001
   -19.25      7.45    -39.51    -19.25      7.44    -39.51     0.002
     1.78      1.08    -23.47      1.78      1.08    -23.47     0.001
   -32.28     -4.83     -9.43    -32.27     -4.84     -9.43     0.002
   -25.62    -27.59    -39.83    -25.62    -27.58    -39.83     0.000
    31.64     19.43     -9.33     31.64     19.43     -9.33     0.003
   -11.27     10.87     15.02    -11.27     10.86     15.02     0.002
    31.58     -5.03     11.48     31.58     -5.02     11.48     0.008
     3.85     20.91     39.85      3.85     20.91     39.85     0.000
    19.75     -6.01     22.27     19.75     -6.00     22.27     0.001
    37.16      8.52      8.56     37.16      8.52      8.56     0.001
    39.30      8.71      2.71     39.31      8.72      2.71     0.005
    17.73     -7.40    -22.68     17.73     -7.40    -22.68     0.006
     6.31     24.19      4.45      6.31     24.19      4.45     0.001
   -41.17    -10.38    -31.16    -41.17    -10.38    -31.16     0.005
    16.85     -5.69     31.59     16.85     -5.69     31.59     0.003
     2.75    -11.75     10.06      2.75    -11.76     10.06     0.006
    31.66     19.39     -8.79     31.66     19.39     -8.79     0.003
    29.57      6.91    -28.88     29.56      6.91    -28.87     0.006
   -12.57    -30.18    -32.83    -12.57    -30.18    -32.83     0.003
    18.12      7.57    -25.81     18.12      7.57    -25.80     0.001
    37.41     -1.65      7.05     37.42     -1.65      7.05     0.004
     4.60    -16.53    -19.21      4.61    -16.53    -19.21     0.004
   -37.34    -18.25    -12.68    -37.34    -18.25    -12.68     0.002
   -16.21     10.01    -35.99    -16.21     10.00    -35.99     0.008
    25.01     -0.10    -28.44     25.01     -0.10    -28.44     0.004
    -9.89      9.38     32.31     -9.89      9.39     32.31     0.004
    -2.17     -8.43     25.47     -2.16     -8.43     25.46     0.001
     8.58     18.33     -8.86      8.58     18.33     -8.86     0.000
   -43.22    -13.68    -22.62    -43.22    -13.68    -22.62     0.002
    11.76     24.33     18.71     11.76     24.34     18.71     0.011
    -6.72     -2.42     31.84     -6.72     -2.42     31.85     0.006
     3.63     19.40      1.29      3.63     19.40      1.29     0.003
   -37.38    -17.15    -40.86    -37.37    -17.14    -40.86     0.007
    14.55     22.57     32.40     14.55     22.56     32.40     0.004
   -37.88    -17.47    -12.94    -37.88    -17.47    -12.94     0.003
   -22.42    -11.35    -49.51    -22.42    -11.34    -49.51     0.004
    22.98      8.35     47.50     22.98      8.35     47.50     0.002
   -26.25     -6.48    -47.97    -26.25     -6.48    -47.96     0.003
    -4.64     -3.30     41.51     -4.64     -3.30     41.51     0.005
   -39.37    -13.87    -39.25    -39.37    -13.87    -39.25     0.003
     0.90     21.28     37.08      0.90     21.28     37.08     0.003
     4.08     -7.99    -25.10      4.08     -7.99    -25.10     0.001
    14.25     -5.83     39.19     14.26     -5.83     39.19     0.004
    -8.18     16.02     13.31     -8.18     16.02     13.31     0.008
    31.04      0.33    -26.99     31.05      0.33    -26.99     0.004
    -7.94      7.99    -21.85     -7.94      7.99    -21.85     0.003
    -0.03    -13.12    -33.43     -0.03    -13.12    -33.43     0.006
    37.19      4.57    -14.20     37.19      4.57    -14.20     0.002
    10.45     19.91    -11.59     10.45     19.91    -11.59     0.000
   -18.94      1.47    -45.25    -18.94      1.47    -45.25     0.008
     1.27      1.02    -24.04      1.27      1.02    -24.04     0.005
   -35.14    -14.07    -44.77    -35.14    -14.07    -44.77     0.000
   -39.52    -22.73    -28.46    -39.52    -22.73    -28.46     0.000
   -13.97     -9.39    -48.03    -13.97     -9.39    -48.02     0.005
     8.06     -9.84    -22.49      8.06     -9.84    -22.48     0.001
   -37.33    -16.33    -41.45    -37.33    -16.33    -41.45     0.002
    -6.08      6.05    -25.48     -6.08      6.05    -25.48     0.003
   -32.05      5.96    -36.79    -32.05      5.95    -36.79     0.006
    22.72     -7.06    -24.84     22.72     -7.06    -24.84     0.005
     0.31    -20.18    -24.07      0.31    -20.18    -24.07     0.002
    27.98     12.26    -28.40     27.98     12.26    -28.40     0.001
   -29.04      8.88    -33.11    -29.04      8.88    -33.11     0.005
   -12.69    -14.22     -3.17    -12.69    -14.23     -3.16     0.011
    -8.57     -7.39     10.75     -8.57     -7.39     10.75     0.001
    -3.79    -10.21     11.44     -3.79    -10.21     11.44     0.006
    -5.70     24.93     26.65     -5.70     24.93     26.65     0.003
   -37.55    -17.72    -40.26    -37.55    -17.71    -40.26     0.003
     3.67     23.93     21.11      3.67     23.93     21.11     0.002
   -40.24     -3.45    -36.04    -40.23     -3.46    -36.03     0.009
     7.68      2.98     63.18      7.68      2.98     63.18     0.005
    37.00     10.12    -11.29     37.00     10.12    -11.29     0.004
     2.23    -17.75    -22.46      2.23    -17.75    -22.46     0.000
    12.29    -16.77     -4.25     12.29    -16.77     -4.25     0.001
     3.76     17.07     -1.63      3.76     17.07     -1.63     0.003
    21.25     -0.73     44.83     21.25     -0.73     44.83     0.007
    22.45    -12.23    -21.23     22.45    -12.23    -21.22     0.003
   -32.40     -1.49    -43.70    -32.40     -1.50    -43.69     0.003
    11.17    -14.94    -14.83     11.17    -14.94    -14.83     0.002
   -37.55    -22.64    -16.98    -37.55    -22.64    -16.98     0.002
    -5.41     19.83     13.23     -5.41     19.83     13.23     0.006
   -41.96     -2.50    -20.34    -41.96     -2.50    -20.34     0.003
     1.15      8.72    -14.71      1.15      8.71    -14.71     0.003
    33.69     -5.74      5.33     33.68     -5.73      5.33     0.014
   -34.05    -27.18    -33.85    -34.05    -27.18    -33.86     0.008
   -31.83    -10.46    -46.71    -31.83    -10.46    -46.70     0.005
   -15.97    -17.23     -5.77    -15.96    -17.24     -5.76     0.008
    10.46     23.32     25.20     10.46     23.31     25.20     0.009
    -6.79      4.44     46.76     -6.78      4.44     46.76     0.003
   -37.72      0.64    -16.25    -37.71      0.64    -16.25     0.005
    13.02    -17.24     -7.83     13.02    -17.24     -7.83     0.003
    -6.17      2.78    -32.31     -6.17      2.78    -32.31     0.002
    38.62      4.08    -11.91     38.62      4.08    -11.91     0.003
    14.28     -5.89     34.33     14.28     -5.90     34.33     0.007
   -15.33    -31.86    -25.38    -15.33    -31.87    -25.38     0.008
    23.94     -3.71     23.73     23.93     -3.70     23.72     0.011
   -39.69      2.18    -28.42    -39.69      2.18    -28.42     0.000
   -15.85      5.77    -41.69    -15.85      5.77    -41.69     0.002
    33.06     -5.29    -21.91     33.06     -5.29    -21.91     0.000
    29.86     20.61      6.77     29.86     20.61      6.77     0.003
    31.21     -3.99    -25.26     31.21     -3.99    -25.26     0.008
    19.61     21.32     27.00     19.61     21.32     26.99     0.001
    18.52      6.52    -25.57     18.53      6.53    -25.57     0.005
     9.20     -7.87    -22.08      9.20     -7.87    -22.08     0.003
   -16.19     10.69    -21.65    -16.19     10.69    -21.65     0.003
    -1.21     20.27     40.29     -1.21     20.27     40.29     0.004
    -2.12     -5.38     45.78     -2.12     -5.38     45.78     0.002
    -0.44     18.82     46.29     -0.43     18.81     46.29     0.007
    -5.10     -0.44     62.77     -5.11     -0.44     62.78     0.003
    -3.50    -17.86     -8.37     -3.50    -17.86     -8.37     0.000
     5.58     17.54     -4.11      5.58     17.54     -4.11     0.001
   -27.29     11.27    -24.92    -27.29     11.27    -24.92     0.004
    26.38     10.82     27.75     26.38     10.83     27.75     0.005
    27.26    -12.70    -13.70     27.26    -12.69    -13.70     0.006
    -6.49      1.58     48.30     -6.49      1.58     48.30     0.000
     5.84    -12.31    -22.28      5.84    -12.31    -22.29     0.004
    30.86     13.57    -24.38     30.85     13.57    -24.38     0.003
    32.89      9.17     13.66     32.90      9.18     13.67     0.011
    38.18     11.18      2.84     38.19     11.19      2.84     0.017
   -12.99     10.02    -28.94    -13.00     10.01    -28.94     0.006
     0.87     17.97     56.37      0.86     17.98     56.37     0.003
     6.81     21.97     33.27      6.81     21.97     33.27     0.004
     3.36      8.68    -14.81      3.36      8.68    -14.81     0.003
   -39.67      1.91    -30.32    -39.67      1.90    -30.32     0.006
    14.72     -6.82     21.83     14.72     -6.82     21.83     0.004
   -27.07    -31.47    -32.22    -27.07    -31.46    -32.22     0.007
     6.91     -6.83     38.42      6.91     -6.82     38.42     0.006
    30.01     21.00      0.05     30.01     21.00      0.05     0.002
    23.78     11.31    -30.99     23.78     11.32    -30.98     0.007
    -5.30     24.86     25.45     -5.31     24.85     25.45     0.010
    19.85     13.87     59.51     19.85     13.87     59.51     0.005
   -25.80     -4.82     -8.18    -25.80     -4.82     -8.18     0.001
   -33.36      7.79    -22.21    -33.36      7.80    -22.21     0.003
    11.33     26.89      3.57     11.33     26.89      3.57     0.006
