200 output/PA4-B-output.txt
   -30.65    -10.73    -47.16    -30.65    -10.73    -47.15     0.006
     3.30      8.79     63.37      3.30      8.79     63.39     0.017
   -40.67     -7.16    -14.82    -40.62     -7.18    -14.86     0.063
   -10.89      8.42    -32.70    -10.89      8.42    -32.70     0.002
    38.60     10.61      0.88     38.62     10.63      0.88     0.029
   -25.12    -13.23     -6.07    -25.12    -13.23     -6.07     0.002
   -15.43    -27.80    -39.41    -15.42    -27.83    -39.43     0.041
   -18.84     -8.34     -2.70    -18.84     -8.33     -2.71     0.016
    38.43      0.36    -12.23     38.43      0.36    -12.23     0.008
    -5.45     13.87      7.96     -5.45     13.87      7.96     0.006
    31.26     16.73    -20.55     31.27     16.74    -20.55     0.017
    15.61      0.69    -21.65     15.62      0.69    -21.62     0.034
   -15.46    -13.79     -3.80    -15.46    -13.80     -3.79     0.006
    34.19      7.53    -21.91     34.19      7.53    -21.91     0.003
    -2.22    -10.09     16.55     -2.23    -10.10     16.55     0.013
    -6.21      7.68     62.11     -6.23      7.69     62.13     0.037
   -32.16     -7.65     -7.99    -32.15     -7.67     -8.04     0.055
    -2.26     12.03     -1.80     -2.26     12.02     -1.80     0.013
   -28.95     -2.48    -45.92    -28.94     -2.49    -45.90     0.026
    18.19    -10.68      5.22     18.19    -10.68      5.23     0.005
    17.83     18.36     47.80     17.80     18.34     47.79     0.034
    17.92     27.04     -2.13     17.92     27.06     -2.13     0.023
   -26.01    -31.36    -19.96    -26.01    -31.38    -19.96     0.019
     3.70    -13.19      1.24      3.70    -13.19      1.24     0.001
   -30.58      6.21    -38.03    -30.56      6.17    -38.01     0.046
    -5.07     -8.96    -42.28     -5.03     -8.95    -42.32     0.049
   -12.76    -28.08    -37.71    -12.74    -28.13    -37.73     0.054
    18.87     21.89     26.19     18.86     21.88     26.19     0.006
    15.17      3.82     63.01     15.18      3.81     63.04     0.029
    -7.48    -22.01    -11.90     -7.47    -22.04    -11.89     0.030
     1.05     23.79     25.45      1.05     23.77     25.44     0.024
   -34.21    -13.22    -45.85    -34.20    -13.22    -45.85     0.010
    36.92     13.39      3.67     36.93     13.39      3.67     0.012
   -29.59     -5.66     -8.60    -29.59     -5.68     -8.64     0.045
   -26.01     11.10    -29.98    -26.00     11.05    -29.97     0.046
     7.41    -14.91     -1.59      7.41    -14.90     -1.59     0.017
    20.11     17.01    -30.41     20.11     17.01    -30.41     0.002
   -21.75    -10.68     -4.22    -21.74    -10.68     -4.23     0.021
   -22.30    -12.12     -4.81    -22.30    -12.12     -4.81     0.001
   -21.57      6.23    -14.95    -21.57      6.20    -14.97     0.033
    18.97      0.13    -23.54     18.99      0.13    -23.50     0.046
     6.04     19.97     -3.45      6.03     19.97     -3.45     0.013
   -16.12    -17.51    -47.16    -16.12    -17.52    -47.18     0.021
   -25.54      4.18    -42.57    -25.53      4.16    -42.55     0.026
   -18.97    -29.42    -38.22    -18.96    -29.46    -38.25     0.052
     1.40     22.87     30.42      1.40     22.85     30.41     0.016
   -10.45      9.77     31.77    -10.49      9.73     31.78     0.054
   -40.87    -14.32    -30.56    -40.83    -14.33    -30.53     0.051
    -6.67      3.94    -31.59     -6.64      3.95    -31.59     0.027
    -5.42    -24.09    -35.09     -5.37    -24.13    -35.11     0.070
    11.86     22.02     39.68     11.86     22.02     39.68     0.004
    28.82     -7.96      6.19     28.82     -7.94      6.18     0.023
   -12.38    -25.44    -40.99    -12.36    -25.47    -41.03     0.056
   -36.42      5.37    -22.13    -36.37      5.32    -22.15     0.066
    17.74     -2.09     60.78     17.72     -2.07     60.77     0.027
    21.41    -14.68     -4.47     21.42    -14.69     -4.46     0.021
    12.19     21.48    -15.21     12.17     21.48    -15.21     0.016
   -18.78     -6.79    -48.42    -18.78     -6.79    -48.45     0.026
    40.36      4.03     -2.65     40.38      4.04     -2.65     0.022
     6.49     21.92     33.43      6.49     21.92     33.43     0.003
     6.94    -10.20    -22.84      6.94    -10.20    -22.84     0.004
    18.79    -13.92     -1.62     18.79    -13.92     -1.62     0.002
    17.77     20.05    -29.59     17.76     20.05    -29.58     0.011
    12.62     14.95    -12.83     12.63     14.95    -12.82     0.016
    -8.26    -20.63     -9.81     -8.25    -20.64     -9.80     0.022
    14.95    -17.60     -8.44     14.96    -17.56     -8.44     0.039
    35.50     -3.70      1.84     35.47     -3.67      1.84     0.032
    29.38     19.17    -21.14     29.38     19.17    -21.14     0.007
    25.44    -11.42    -21.30     25.42    -11.39    -21.28     0.039
    -2.12      1.38    -26.48     -2.10      1.39    -26.49     0.019
   -12.06    -25.82    -40.38    -12.04    -25.86    -40.41     0.049
    11.74     25.96     10.97     11.73     25.99     10.98     0.030
    24.21     16.25    -28.14     24.20     16.24    -28.13     0.012
    21.33      0.78     49.03     21.31      0.79     49.02     0.033
    -2.00    -11.12      9.39     -2.00    -11.13      9.39     0.009
    18.40     26.26     -7.49     18.40     26.29     -7.49     0.025
     6.36     -6.97     48.00      6.36     -6.99     48.00     0.018
     2.50      3.89     63.54      2.50      3.89     63.56     0.019
   -28.57      7.09    -38.02    -28.56      7.06    -38.00     0.035
    -6.01     14.22      9.12     -6.01     14.22      9.12     0.001
    34.51     15.14      7.53     34.54     15.16      7.54     0.033
    -6.43     24.62     22.35     -6.43     24.60     22.36     0.027
   -13.15    -30.79    -30.88    -13.14    -30.83    -30.89     0.044
   -42.43     -8.47    -17.86    -42.37     -8.48    -17.89     0.072
     2.83      6.12    -18.32      2.83      6.12    -18.32     0.001
   -25.92    -26.23    -41.44    -25.92    -26.26    -41.46     0.029
    13.09    -16.25     -1.91     13.09    -16.25     -1.91     0.007
    -9.56      4.05     23.83     -9.58      4.05     23.84     0.024
    15.50    -10.69      7.07     15.50    -10.69      7.07     0.003
    -1.25     19.76     41.84     -1.25     19.76     41.84     0.004
    -0.50    -21.13    -22.93     -0.46    -21.16    -22.93     0.046
   -27.37    -27.04    -12.00    -27.38    -27.05    -11.99     0.018
    18.46    -17.08     -6.19     18.45    -17.06     -6.19     0.017
    -7.08      5.60     40.15     -7.12      5.59     40.15     0.044
    25.11     11.71     31.64     25.09     11.70     31.64     0.017
    12.37    -16.81     -8.97     12.37    -16.78     -8.96     0.032
    -6.72    -14.81    -43.09     -6.69    -14.82    -43.13     0.050
    19.52     -2.02     46.94     19.51     -2.00     46.94     0.023
    18.86    -16.83     -5.69     18.86    -16.83     -5.69     0.001
    33.75     11.06    -21.45     33.75     11.06    -21.45     0.007
    10.65     22.65     29.72     10.65     22.66     29.72     0.006
     3.75    -15.70     -5.59      3.75    -15.70     -5.59     0.003
    10.18     -7.70     19.66     10.18     -7.70     19.66     0.001
   -16.43      2.53    -44.43    -16.43      2.54    -44.43     0.008
    25.54     22.02     11.39     25.55     22.04     11.40     0.025
   -41.49    -19.48    -23.92    -41.45    -19.47    -23.92     0.039
    29.31     21.16      6.49     29.31     21.16      6.49     0.013
   -13.92     12.61     19.75    -13.95     12.59     19.74     0.039
   -30.45      6.97    -36.77    -30.42      6.94    -36.76     0.046
    27.29     22.78      4.03     27.30     22.80      4.03     0.023
   -34.55    -17.31     -9.36    -34.54    -17.30     -9.37     0.019
     8.39     25.33     12.65      8.39     25.34     12.66     0.011
    15.67     23.08     23.84     15.67     23.09     23.84     0.009
     8.94     24.24     19.65      8.94     24.25     19.66     0.010
    -3.00     -8.58    -39.78     -2.97     -8.57    -39.81     0.046
    -1.39     17.09     49.60     -1.40     17.10     49.60     0.014
     0.75     11.88     -5.96      0.75     11.87     -5.96     0.012
    -6.06      0.43     48.48     -6.11      0.42     48.48     0.047
    33.05     12.40    -22.03     33.07     12.41    -22.04     0.021
     9.72     -6.80     28.57      9.72     -6.81     28.57     0.004
     4.07     23.64     23.13      4.07     23.63     23.13     0.009
    11.25     -1.81     63.18     11.26     -1.81     63.20     0.018
    25.63     -7.80      7.66     25.63     -7.78      7.65     0.023
     0.92     23.98     22.77      0.91     23.96     22.77     0.019
    14.46     22.56     32.22     14.46     22.57     32.22     0.006
   -19.10    -20.58    -46.72    -19.10    -20.59    -46.76     0.035
    10.69     23.28     25.34     10.69     23.29     25.34     0.005
    38.32     11.00      2.29     38.35     11.01      2.30     0.029
   -39.77    -10.56    -38.85    -39.71    -10.55    -38.84     0.055
    31.60     18.92      7.41     31.61     18.93      7.41     0.021
    27.27    -12.46    -17.35     27.26    -12.43    -17.35     0.029
    21.28     -3.63     31.52     21.26     -3.62     31.52     0.019
    21.07      4.09     58.60     21.03      4.10     58.60     0.043
    33.50     13.74    -18.72     33.52     13.75    -18.73     0.021
    -8.26    -13.27     -0.58     -8.27    -13.27     -0.57     0.008
    34.13     -5.04      0.97     34.11     -5.03      0.98     0.023
    33.05     15.45      9.77     33.07     15.46      9.78     0.026
    21.00     13.09     53.08     20.95     13.07     53.08     0.051
    30.62      3.90     18.32     30.62      3.90     18.32     0.008
    27.38      1.59     25.11     27.37      1.59     25.11     0.012
    17.29     24.83    -23.53     17.28     24.86    -23.54     0.029
     3.63     -6.92     45.96      3.63     -6.94     45.95     0.027
     0.22     17.92     53.63      0.21     17.93     53.63     0.012
    22.06      8.74     53.92     22.02      8.74     53.91     0.046
     2.50     22.20     32.48      2.50     22.19     32.48     0.018
    -2.17     -2.17    -28.86     -2.14     -2.16    -28.88     0.033
     6.44     14.89     63.12      6.44     14.89     63.15     0.029
     3.47     -7.34     61.29      3.46     -7.37     61.28     0.035
    -4.54     21.78     15.25     -4.54     21.76     15.26     0.018
    -6.17    -18.12    -41.76     -6.12    -18.14    -41.79     0.061
    18.36     -5.70     26.04     18.36     -5.69     26.04     0.010
   -32.53     -0.04    -42.68    -32.52     -0.06    -42.66     0.030
    11.51     19.59    -22.62     11.50     19.60    -22.61     0.012
    -0.19     -7.22     33.92     -0.20     -7.25     33.93     0.028
   -10.14     24.89     25.25    -10.13     24.87     25.25     0.021
   -10.52     -7.47      7.31    -10.52     -7.48      7.31     0.004
   -14.67    -16.49     -5.50    -14.67    -16.49     -5.50     0.002
    29.62     16.32     13.93     29.64     16.34     13.95     0.026
    -2.52     15.14     60.67     -2.53     15.15     60.67     0.017
     4.24     18.30     62.33      4.23     18.32     62.34     0.017
     6.86     22.10     32.63      6.86     22.09     32.63     0.007
    -4.09     -6.04     31.77     -4.11     -6.06     31.77     0.032
    23.38     23.14     11.12     23.38     23.15     11.13     0.019
   -12.05     22.82     20.08    -12.05     22.82     20.09     0.010
   -41.66     -7.23    -16.78    -41.60     -7.25    -16.80     0.062
    -9.65     23.42     19.67     -9.64     23.40     19.68     0.021
    -1.78     -5.84     42.94     -1.79     -5.87     42.93     0.033
     8.68    -14.67    -17.27      8.68    -14.68    -17.27     0.006
   -36.09    -10.56    -44.42    -36.07    -10.57    -44.40     0.037
   -42.78    -16.57    -24.80    -42.76    -16.56    -24.81     0.029
   -26.52    -13.80     -6.26    -26.52    -13.80     -6.26     0.000
    28.12     15.18     17.44     28.13     15.19     17.44     0.008
   -28.97    -18.39    -46.27    -28.97    -18.39    -46.26     0.002
    -4.83     -2.97     43.40     -4.86     -2.98     43.41     0.034
   -43.07    -16.31    -26.66    -43.04    -16.29    -26.67     0.034
   -29.04    -16.27    -47.10    -29.04    -16.27    -47.12     0.023
    38.51      6.69      7.48     38.54      6.70      7.50     0.037
    30.65     17.08    -21.40     30.65     17.08    -21.40     0.001
     0.48     21.70     35.44      0.48     21.67     35.43     0.026
   -14.95    -31.77    -26.45    -14.93    -31.82    -26.44     0.049
   -38.83    -22.64    -19.86    -38.82    -22.63    -19.87     0.018
   -16.61     -7.28    -48.07    -16.61     -7.28    -48.08     0.011
    19.91      2.58    -25.29     19.95      2.59    -25.26     0.053
    20.88     -6.06     19.02     20.88     -6.04     19.02     0.017
    18.37     -7.04     16.07     18.37     -7.04     16.07     0.007
     3.05     11.34     63.27      3.05     11.34     63.29     0.021
    12.25      0.76    -20.81     12.25      0.76    -20.80     0.011
    -3.84     22.82     33.79     -3.84     22.79     33.78     0.033
    13.55     -5.75     53.72     13.55     -5.74     53.72     0.007
   -12.09      9.94     18.68    -12.12      9.94     18.68     0.035
     1.28     -6.73     44.93      1.28     -6.76     44.93     0.032
    21.73      8.12     57.31     21.68      8.12     57.30     0.049
    13.97     -5.51     53.54     13.97     -5.50     53.54     0.003
   -19.12     -8.06     -2.81    -19.11     -8.05     -2.82     0.017
   -29.62    -21.66     -8.44    -29.61    -21.65     -8.46     0.025
    -3.64     -9.74     14.67     -3.64     -9.75     14.68     0.013
     5.46    -16.76    -13.58      5.47    -16.77    -13.58     0.017
    -7.00     -7.65     15.56     -7.01     -7.66     15.56     0.012
    -6.61    -26.84    -31.01     -6.58    -26.89    -31.02     0.053
   -26.21     -3.67    -47.24    -26.20     -3.67    -47.24     0.009
