200 output/pa4-F-output.txt
    23.85      5.21     41.39     23.86      5.20     41.39     0.014
   -32.13     -4.68     -9.52    -32.14     -4.66     -9.47     0.052
    -0.59     -3.67    -27.62     -0.52     -3.63    -27.67     0.094
    33.50     -7.20    -12.96     33.42     -7.12    -12.97     0.120
    25.07     24.21      2.87     25.00     24.07      2.86     0.151
   -10.40    -29.26    -20.96    -10.48    -29.10    -21.00     0.177
    -8.88     24.49     22.38     -8.88     24.57     22.36     0.079
    -5.92      0.02     55.26     -5.96      0.00     55.26     0.044
    13.93     11.76     63.16     13.94     11.76     63.13     0.032
    -2.93     13.30      2.63     -2.89     13.26      2.66     0.064
    19.69     -8.92    -22.62     19.69     -8.91    -22.60     0.026
    -3.46     -4.33     48.59     -3.43     -4.30     48.59     0.048
    25.83      8.19     31.63     25.85      8.19     31.64     0.022
   -15.56      4.56    -42.48    -15.55      4.58    -42.51     0.037
   -11.80      6.03     -3.55    -11.80      6.03     -3.55     0.003
   -26.36     -2.67     -9.99    -26.36     -2.66     -9.97     0.019
    -6.65      2.76     46.29     -6.61      2.76     46.29     0.041
   -11.44     23.93     22.64    -11.48     24.06     22.60     0.135
    -8.43      5.98    -33.28     -8.26      6.13    -33.29     0.226
    28.56     14.83     16.95     28.59     14.86     16.97     0.049
   -19.18    -10.53     -3.16    -19.20    -10.54     -3.12     0.052
   -11.05      8.60    -18.05    -11.02      8.71    -18.00     0.122
    19.28     26.14     -8.42     19.27     26.13     -8.42     0.006
    22.25    -15.63    -14.19     22.25    -15.67    -14.20     0.036
    -8.56    -14.35    -44.97     -8.60    -14.33    -44.93     0.056
   -27.00    -31.11    -19.54    -26.99    -31.06    -19.55     0.053
    -8.39     10.24      7.16     -8.47     10.32      7.13     0.113
    -6.61      3.70     47.20     -6.71      3.69     47.20     0.095
    -6.66     13.32      8.89     -6.65     13.31      8.90     0.019
   -21.77      4.90    -13.73    -21.78      4.94    -13.67     0.077
    35.15      0.20     11.84     35.13      0.21     11.82     0.028
    29.75     -7.74    -23.45     29.66     -7.60    -23.36     0.194
    30.96     -8.52     -2.73     31.03     -8.63     -2.71     0.132
   -30.38    -24.37    -11.19    -30.34    -24.31    -11.25     0.087
    12.87     26.72      8.01     12.87     26.66      8.00     0.060
    17.00      2.41    -22.13     16.99      2.41    -22.15     0.022
   -24.42    -31.09    -34.57    -24.42    -31.10    -34.58     0.016
     7.63     23.69     23.95      7.63     23.55     23.93     0.139
    20.11      1.22     57.14     20.32      1.11     57.18     0.239
    -5.49      3.97    -28.19     -5.45      3.99    -28.21     0.043
     9.77     -6.76     27.40      9.79     -6.88     27.41     0.121
   -11.96    -23.32    -42.97    -11.97    -23.29    -42.94     0.044
    -4.82      0.40     63.14     -4.82      0.40     63.13     0.019
    17.36     -2.54     60.15     17.39     -2.56     60.16     0.032
   -25.95     -9.41     -6.41    -25.94     -9.42     -6.46     0.049
   -27.52      3.50    -42.33    -27.54      3.54    -42.38     0.063
    -3.27    -21.62    -15.44     -3.32    -21.56    -15.47     0.081
    12.24     21.68    -14.68     12.16     21.70    -14.69     0.085
    -7.73     -3.37     24.49     -7.85     -3.42     24.51     0.134
   -15.34     -1.03      4.39    -15.20     -1.04      4.35     0.143
   -39.27     -2.57    -37.44    -39.29     -2.56    -37.46     0.029
    -6.58     -2.88    -41.41     -6.56     -2.86    -41.43     0.034
   -39.80    -12.38    -35.85    -39.82    -12.38    -35.85     0.013
    -5.38      8.41    -13.72     -5.40      8.52    -13.73     0.116
   -29.74      0.81    -43.15    -29.82      0.91    -43.29     0.182
     5.62      4.79     63.35      5.62      4.79     63.31     0.042
    -1.05     10.89     63.23     -1.05     10.89     63.30     0.078
   -43.41     -9.82    -21.62    -43.44     -9.83    -21.62     0.036
   -38.37    -19.05    -14.67    -38.33    -19.02    -14.70     0.061
    26.53     10.54     27.76     26.48     10.52     27.74     0.062
    -2.77     14.56      4.62     -2.76     14.55      4.63     0.019
    -1.22    -10.96     10.16     -1.24    -11.10     10.18     0.137
    -6.66     13.74      9.47     -6.66     13.73      9.47     0.007
     6.54     -6.23    -23.29      6.55     -6.22    -23.31     0.023
    27.39     -3.16     18.86     27.35     -3.11     18.83     0.064
    29.60      7.89     19.91     29.67      7.90     19.94     0.077
    12.61     17.82    -15.34     12.61     17.82    -15.34     0.005
     1.19     16.12      1.66      1.13     16.21      1.62     0.106
    15.38     19.50    -30.80     15.37     19.52    -30.82     0.034
   -12.30     10.07    -25.80    -12.26     10.12    -25.81     0.069
   -16.27    -12.48     -3.14    -16.26    -12.47     -3.16     0.029
    -5.54     -0.18     61.32     -5.59     -0.18     61.31     0.059
    -9.29      2.38     23.35     -9.35      2.37     23.36     0.060
   -22.10      5.53    -14.13    -22.10      5.48    -14.17     0.062
    22.20     25.10    -11.87     22.22     25.18    -11.87     0.077
    17.48    -15.82    -14.95     17.48    -15.83    -14.95     0.009
    11.84    -10.51    -20.70     11.82    -10.47    -20.66     0.067
    -3.01      9.62     -7.82     -3.04      9.70     -7.84     0.088
   -10.93    -27.14    -38.16    -11.02    -27.00    -38.06     0.195
    -4.55    -12.26    -41.43     -4.50    -12.27    -41.47     0.061
    36.81     -1.67    -13.64     36.75     -1.63    -13.62     0.082
    -2.36     -1.82    -28.90     -2.35     -1.82    -28.91     0.021
   -25.73     -4.42    -47.43    -25.71     -4.38    -47.50     0.083
    -2.89      8.68    -14.80     -2.89      8.72    -14.81     0.045
     7.75     25.17     10.68      7.70     25.34     10.68     0.180
   -30.27      8.19    -33.68    -30.29      8.24    -33.70     0.060
    28.32     18.80    -22.49     28.35     18.82    -22.51     0.040
    32.80     14.58     11.26     32.84     14.61     11.28     0.050
    21.11     12.06     56.64     21.01     12.03     56.64     0.103
   -32.98    -28.80    -22.06    -32.92    -28.72    -22.07     0.100
    10.97     26.55      1.59     10.91     26.66      1.56     0.127
     4.01     22.90      5.84      4.06     22.86      5.85     0.056
   -40.38    -11.31    -31.94    -40.30    -11.29    -31.92     0.088
    22.17     -6.82     12.99     22.16     -6.80     12.98     0.019
    12.44     22.51     33.52     12.45     22.37     33.50     0.133
    -0.26      4.92    -21.78     -0.23      4.96    -21.81     0.054
    -8.72      9.68     35.52     -8.67      9.70     35.50     0.058
   -34.89     -3.61    -43.13    -34.97     -3.59    -43.22     0.120
    18.06     16.07     57.86     18.25     16.23     57.88     0.252
     4.52    -15.04     -4.02      4.52    -15.13     -3.99     0.088
    11.00     24.25     19.37     11.00     24.28     19.38     0.024
    26.08     23.58    -15.06     26.02     23.47    -15.06     0.132
   -32.52     -2.38    -43.97    -32.52     -2.38    -43.98     0.011
   -13.67      2.29      5.12    -13.67      2.29      5.12     0.001
   -18.61     -5.73     -1.97    -18.59     -5.72     -2.00     0.028
    38.25     11.27      0.32     38.22     11.25      0.32     0.039
    33.79      2.03    -23.08     33.75      2.03    -23.05     0.052
    18.21     -1.73     59.54     18.17     -1.69     59.54     0.050
   -26.80      3.83    -42.43    -26.80      3.82    -42.43     0.012
   -37.69    -14.60    -11.31    -37.65    -14.59    -11.34     0.044
    -6.48     19.40     13.51     -6.47     19.39     13.53     0.019
    -6.17    -11.63      3.87     -6.17    -11.66      3.88     0.027
     9.69    -16.21     -6.50      9.68    -16.22     -6.50     0.009
    21.64     -2.85     34.01     21.63     -2.85     34.01     0.008
    -3.74     -2.31    -34.44     -3.82     -2.33    -34.43     0.085
    10.43     -4.24     63.31     10.43     -4.24     63.36     0.047
    14.47     18.50     62.17     14.46     18.49     62.14     0.035
     2.18     -8.04     26.97      2.20     -8.11     26.98     0.082
    14.38      1.73     62.96     14.38      1.73     63.00     0.046
   -16.78      5.82    -41.80    -16.79      5.86    -41.85     0.065
   -15.90     19.92     26.61    -15.89     19.92     26.61     0.012
     0.06    -12.53    -32.04      0.12    -12.51    -32.05     0.058
    15.34    -17.04    -10.50     15.33    -17.07    -10.51     0.027
   -26.17    -29.24    -15.33    -26.14    -29.14    -15.37     0.108
    24.06     -6.11     13.27     24.09     -6.20     13.29     0.096
    29.13     -9.32      0.92     29.12     -9.31      0.92     0.015
    -7.29     25.16     25.26     -7.29     25.07     25.27     0.095
   -28.79      3.48    -13.96    -28.78      3.51    -13.82     0.142
    31.80     -7.56     -1.57     31.84     -7.59     -1.57     0.047
   -36.77    -25.70    -29.48    -36.78    -25.71    -29.48     0.011
    -8.20      5.75     30.48     -8.24      5.74     30.49     0.045
    10.51     26.44      5.05     10.51     26.41      5.05     0.028
    -8.16      1.05     27.04     -8.13      1.06     27.03     0.022
    14.10     -3.19    -22.23     14.10     -3.19    -22.16     0.070
     5.29    -10.22     15.20      5.26    -10.12     15.17     0.109
    38.50      4.01    -12.31     38.44      4.00    -12.27     0.068
    35.13     -4.12     -7.85     35.07     -4.05     -7.86     0.086
   -19.17    -21.34    -46.41    -19.16    -21.37    -46.47     0.068
   -11.92    -13.26    -47.07    -11.91    -13.27    -47.13     0.055
     6.07    -12.29      5.68      6.06    -12.45      5.72     0.173
    21.65      8.22     57.75     21.62      8.22     57.74     0.030
     1.71     10.53    -10.22      1.76     10.40    -10.17     0.149
   -12.26     11.51     32.78    -12.14     11.64     32.73     0.178
    -4.43     10.82     -1.09     -4.46     10.86     -1.10     0.044
   -11.25    -16.24    -45.99    -11.27    -16.23    -45.96     0.035
    19.81    -10.94      2.95     19.78    -10.88      2.92     0.071
    -6.57      2.91     48.11     -6.62      2.90     48.11     0.047
    11.88     24.24     19.33     11.88     24.24     19.33     0.006
   -18.62      5.33    -13.12    -18.62      5.34    -13.11     0.009
     1.78    -18.04    -10.89      1.81    -18.18    -10.85     0.150
   -38.00    -17.53    -13.05    -37.95    -17.51    -13.08     0.062
    -0.31     -0.53    -25.45     -0.30     -0.52    -25.46     0.022
    -5.27      0.23     62.72     -5.30      0.22     62.75     0.045
    -3.96     -5.06     34.10     -4.04     -5.13     34.14     0.113
    16.44     18.35     56.46     16.33     18.21     56.44     0.177
    -3.28      2.89    -26.27     -3.21      2.94    -26.31     0.099
    24.90      9.54     34.34     25.05      9.55     34.37     0.146
     1.95    -18.37    -11.70      1.96    -18.41    -11.69     0.042
    -1.58     19.43      8.89     -1.45     19.33      9.01     0.204
    34.35     16.59      4.15     34.32     16.56      4.15     0.041
   -26.05     -0.46    -11.76    -26.11     -0.34    -11.63     0.183
    -3.31    -21.85    -15.67     -3.39    -21.76    -15.72     0.133
    12.85    -17.13     -8.46     12.86    -17.08     -8.45     0.054
    -3.14     16.35      8.16     -3.12     16.34      8.17     0.024
    -7.38     24.77     27.99     -7.37     24.88     28.02     0.112
    -2.35     -2.15     63.41     -2.35     -2.15     63.43     0.019
    -3.54     -4.88     39.09     -3.60     -4.94     39.10     0.092
    25.17     -6.87     10.97     25.17     -6.79     10.94     0.086
    -3.28     22.45     34.07     -3.25     22.58     34.11     0.136
   -29.07      2.19    -42.66    -29.11      2.24    -42.72     0.088
   -35.82    -17.90    -42.24    -35.74    -17.84    -42.15     0.135
   -41.40     -1.38    -31.35    -41.43     -1.36    -31.36     0.035
    10.83     -7.39     21.69     10.82     -7.33     21.69     0.062
   -39.99    -17.80    -16.51    -40.05    -17.82    -16.48     0.069
   -15.13     10.51    -32.31    -15.13     10.52    -32.31     0.014
    27.70     -1.64     20.40     27.69     -1.62     20.40     0.019
     1.13    -11.63      8.46      1.12    -11.64      8.46     0.009
   -14.34     -5.49      4.23    -14.30     -5.48      4.21     0.046
   -13.84     -0.75      7.19    -13.90     -0.76      7.21     0.063
    27.52     22.42    -14.47     27.59     22.54    -14.47     0.145
    15.26      9.73     63.08     15.26      9.73     63.18     0.099
   -41.06    -17.87    -30.21    -41.07    -17.87    -30.21     0.011
    -4.97     -2.65     56.79     -4.80     -2.53     56.79     0.206
   -31.74      7.65    -33.46    -31.71      7.61    -33.44     0.054
    -0.28     -5.86     53.17     -0.39     -6.12     53.15     0.285
    -2.27     -7.31    -34.85     -2.25     -7.30    -34.85     0.023
    10.75     -6.57     32.45     10.75     -6.48     32.44     0.085
    -3.42    -23.42    -19.42     -3.43    -23.41    -19.42     0.019
   -18.84      5.44    -13.12    -18.80      5.35    -13.20     0.133
    28.00      7.09     24.74     27.95      7.08     24.73     0.048
    17.54     10.18     63.15     17.55     10.18     63.16     0.013
   -32.03    -27.81    -16.93    -31.98    -27.71    -16.97     0.116
   -30.64    -28.28    -16.64    -30.59    -28.23    -16.68     0.072
    -6.76    -20.63    -10.31     -6.79    -20.59    -10.38     0.080
    -0.36     -1.61    -26.57     -0.38     -1.63    -26.54     0.049
    -5.11    -23.55    -16.57     -5.11    -23.55    -16.57     0.000
    21.15     -6.88     12.82     21.21     -7.11     12.88     0.244
    13.37     -6.00     41.81     13.43     -6.17     41.82     0.175
    23.81     19.75    -26.04     23.82     19.75    -26.04     0.006
    -7.04      5.68     38.98     -7.13      5.66     38.98     0.097
