200 output/pa4-H-output.txt
    -7.02      6.97     59.54     -7.02      6.97     59.54     0.006
    10.21     24.85     15.30     10.21     24.86     15.31     0.009
    11.05     26.35     -0.06     11.04     26.36     -0.06     0.011
     0.19     -6.43     58.09      0.19     -6.44     58.09     0.006
     3.82      0.81     63.38      3.82      0.81     63.37     0.006
    23.97      7.77     41.08     23.98      7.77     41.08     0.005
    32.56     -1.87    -24.42     32.56     -1.87    -24.43     0.007
    -7.04      4.86     57.17     -7.03      4.87     57.17     0.005
    -8.74    -26.88    -35.69     -8.74    -26.89    -35.69     0.009
    20.09     13.06     60.75     20.09     13.05     60.75     0.003
    -0.48     13.80     -0.37     -0.49     13.80     -0.37     0.004
    18.61     25.70      7.79     18.61     25.71      7.79     0.007
    20.30      3.83    -26.47     20.30      3.82    -26.47     0.007
   -18.44    -31.36    -34.57    -18.44    -31.36    -34.58     0.004
    -1.25    -20.09    -33.62     -1.25    -20.09    -33.62     0.002
    28.99    -10.87    -18.90     28.99    -10.86    -18.90     0.007
     6.21     25.00      8.55      6.21     25.01      8.55     0.007
    10.78      6.57     62.89     10.78      6.57     62.89     0.001
   -30.75      7.77    -17.41    -30.75      7.77    -17.41     0.004
   -34.34      1.15    -40.63    -34.34      1.15    -40.63     0.002
   -39.28     -3.21    -37.86    -39.27     -3.21    -37.86     0.006
    10.94    -12.82    -18.62     10.94    -12.82    -18.62     0.002
    13.62     -4.88     62.25     13.62     -4.88     62.25     0.002
    18.51     -8.27     11.33     18.51     -8.26     11.33     0.007
    26.09     13.89    -28.55     26.09     13.89    -28.56     0.003
    38.31     -0.35      6.42     38.31     -0.35      6.42     0.002
    -2.90      8.87    -13.52     -2.90      8.88    -13.52     0.008
    18.36    -12.15      1.89     18.36    -12.15      1.89     0.001
    19.06     25.50    -20.72     19.06     25.51    -20.72     0.006
   -15.49      8.38    -16.51    -15.49      8.38    -16.51     0.003
   -27.57      5.92    -39.95    -27.57      5.92    -39.95     0.003
    11.29      4.03    -18.16     11.29      4.03    -18.16     0.003
   -18.64    -29.95    -37.32    -18.64    -29.95    -37.33     0.010
   -13.84     -4.73      5.32    -13.84     -4.73      5.32     0.003
    17.22    -14.90    -16.25     17.22    -14.90    -16.24     0.007
    -5.00     -4.32    -40.56     -5.00     -4.32    -40.56     0.001
    10.34     14.42     63.14     10.34     14.42     63.14     0.002
   -11.52    -30.29    -29.36    -11.52    -30.29    -29.36     0.000
    -3.25     -0.51    -29.28     -3.25     -0.51    -29.29     0.001
    26.44     18.09     16.96     26.45     18.10     16.96     0.007
    33.99     -6.07    -16.64     33.99     -6.07    -16.63     0.005
    29.62      0.48     18.70     29.62      0.48     18.70     0.003
   -37.20    -21.00    -14.68    -37.20    -21.00    -14.68     0.001
    18.12    -11.87      2.85     18.11    -11.87      2.84     0.007
    25.99     22.73    -19.85     25.98     22.73    -19.85     0.003
    -7.52    -26.08    -17.84     -7.52    -26.08    -17.84     0.000
    -8.55    -20.34     -9.45     -8.55    -20.34     -9.45     0.001
    -8.42      8.20    -23.62     -8.42      8.20    -23.62     0.001
   -13.94     11.49     28.31    -13.94     11.49     28.31     0.003
     5.80    -16.21    -17.30      5.80    -16.21    -17.30     0.004
    12.34     17.72    -17.70     12.33     17.72    -17.70     0.006
    24.86      8.56     35.67     24.86      8.56     35.66     0.003
    21.17      3.02     55.80     21.18      3.02     55.80     0.007
    19.83     -8.97      7.35     19.83     -8.96      7.35     0.006
    12.05     20.92    -15.30     12.03     20.92    -15.31     0.013
   -27.84      8.61    -35.70    -27.84      8.60    -35.70     0.003
    25.09     24.21      0.87     25.09     24.21      0.87     0.005
   -28.21    -25.29    -10.87    -28.21    -25.29    -10.87     0.001
    10.43     23.52     23.86     10.43     23.53     23.86     0.002
   -25.31    -31.97    -21.49    -25.31    -31.97    -21.49     0.002
   -11.56     -3.27     11.25    -11.56     -3.27     11.25     0.001
   -14.82    -31.65    -24.32    -14.82    -31.66    -24.32     0.007
   -11.76     -4.58      9.21    -11.76     -4.58      9.21     0.002
    25.83      3.94    -29.76     25.83      3.94    -29.76     0.002
   -33.66     -0.46    -42.43    -33.66     -0.46    -42.43     0.001
   -25.63    -32.34    -27.68    -25.63    -32.34    -27.68     0.002
    -1.16      3.86    -23.58     -1.16      3.86    -23.57     0.003
   -22.42    -11.63    -49.39    -22.42    -11.63    -49.39     0.002
     1.12     19.87     43.76      1.12     19.87     43.75     0.004
    -7.94      1.67    -39.33     -7.94      1.68    -39.33     0.003
    -2.69     19.61     10.87     -2.69     19.61     10.88     0.000
     4.83     -7.40     56.01      4.83     -7.41     56.01     0.006
    -5.56    -20.24    -39.79     -5.56    -20.25    -39.79     0.003
    32.47     18.20     -4.94     32.47     18.20     -4.94     0.002
    20.30    -11.16      1.85     20.30    -11.16      1.85     0.004
    16.55     -3.87     55.92     16.55     -3.88     55.92     0.004
   -18.98     -5.63     -2.19    -18.97     -5.63     -2.19     0.006
     8.13     -6.69     37.88      8.13     -6.69     37.88     0.005
     8.27    -15.77    -14.89      8.27    -15.77    -14.89     0.003
   -31.59      5.55    -15.17    -31.59      5.55    -15.17     0.003
    21.25     20.29    -27.54     21.25     20.29    -27.54     0.004
   -29.41      6.75    -15.39    -29.41      6.74    -15.39     0.003
   -38.47    -18.63    -14.55    -38.47    -18.63    -14.55     0.000
    32.24     11.70     13.38     32.24     11.70     13.37     0.002
    -7.03     10.93      5.02     -7.03     10.92      5.03     0.011
    24.19      0.15     33.44     24.19      0.15     33.44     0.003
    11.60     23.16     26.69     11.60     23.17     26.69     0.009
     4.35     -7.04     38.98      4.35     -7.04     38.98     0.005
   -38.04     -8.63    -41.92    -38.04     -8.63    -41.92     0.001
    21.24    -13.16    -19.10     21.24    -13.15    -19.10     0.009
     4.50     -3.32    -23.82      4.50     -3.32    -23.83     0.008
    -3.94    -14.38    -40.37     -3.94    -14.38    -40.38     0.007
    19.75     11.12     62.82     19.75     11.12     62.82     0.008
     4.01      0.05     63.35      4.01      0.05     63.35     0.005
    11.89     22.45     31.83     11.89     22.45     31.83     0.004
    -7.87     24.29     21.29     -7.87     24.29     21.29     0.002
   -12.70      4.85      5.07    -12.70      4.85      5.07     0.006
    16.11     -5.47     35.14     16.11     -5.48     35.14     0.005
   -36.01    -26.50    -22.76    -36.01    -26.50    -22.76     0.004
    11.67     19.45    -17.13     11.67     19.45    -17.13     0.008
   -18.73      7.32    -39.81    -18.73      7.32    -39.81     0.002
   -25.27    -31.98    -21.50    -25.28    -31.99    -21.50     0.008
    -8.91      2.99     25.49     -8.91      2.99     25.49     0.001
    10.67     21.71     41.14     10.67     21.72     41.14     0.006
   -14.58     10.62    -30.55    -14.58     10.61    -30.54     0.008
   -17.99      1.35    -45.41    -17.99      1.35    -45.41     0.003
    39.10      1.77    -10.51     39.10      1.77    -10.51     0.000
    -4.14     23.80     18.93     -4.14     23.80     18.93     0.003
    22.60     18.90     26.27     22.59     18.90     26.27     0.006
    -5.53     -1.12     60.69     -5.52     -1.12     60.69     0.010
    -6.12    -21.33    -39.37     -6.12    -21.33    -39.37     0.003
    28.88     14.33     17.11     28.88     14.33     17.11     0.005
    10.85     -6.02    -22.02     10.85     -6.02    -22.02     0.002
    -6.68     23.86     19.64     -6.68     23.86     19.64     0.007
   -10.60     16.25     37.41    -10.61     16.25     37.41     0.004
    -3.87     10.41     -3.55     -3.88     10.41     -3.55     0.005
    20.38     15.36     47.21     20.38     15.36     47.21     0.002
   -15.14    -22.32     -9.16    -15.14    -22.32     -9.16     0.003
   -10.06    -25.25    -13.96    -10.06    -25.25    -13.96     0.000
    -7.48      8.83     -0.68     -7.49      8.84     -0.68     0.010
   -39.28     -2.70    -37.57    -39.28     -2.70    -37.57     0.003
   -15.35      3.29     -5.07    -15.34      3.28     -5.07     0.007
    -0.55     -4.51    -28.47     -0.55     -4.51    -28.47     0.000
    17.35     20.69     40.54     17.35     20.69     40.54     0.003
    -2.51     17.37      8.47     -2.51     17.37      8.47     0.001
    12.12     23.96    -10.19     12.12     23.96    -10.19     0.004
    31.33     15.38    -21.90     31.33     15.38    -21.90     0.002
    10.72     22.39    -10.15     10.71     22.40    -10.15     0.012
    20.11     24.95    -23.52     20.11     24.95    -23.52     0.003
   -13.20     11.23     29.44    -13.20     11.23     29.44     0.003
   -12.75    -27.67    -38.52    -12.74    -27.68    -38.53     0.010
    -8.36      7.41     32.92     -8.36      7.41     32.92     0.004
    -4.52     14.72      7.93     -4.52     14.72      7.93     0.001
    18.63     -1.23     59.01     18.64     -1.23     59.01     0.001
    14.17     13.14    -22.91     14.17     13.13    -22.91     0.005
    28.04      7.83    -29.99     28.05      7.83    -29.99     0.001
   -21.98    -10.43    -49.01    -21.98    -10.43    -49.01     0.002
    26.29      4.53     30.18     26.29      4.53     30.18     0.002
    10.87     23.28     25.44     10.87     23.27     25.44     0.002
    32.03     15.46    -20.61     32.03     15.46    -20.61     0.002
   -27.29    -20.03     -7.14    -27.29    -20.03     -7.14     0.004
   -39.50    -22.79    -28.42    -39.49    -22.78    -28.42     0.010
    15.47     25.87     -8.76     15.47     25.87     -8.76     0.004
   -25.50    -10.68    -48.62    -25.50    -10.68    -48.62     0.003
    -8.12     -8.69      9.05     -8.12     -8.69      9.05     0.002
     3.80     24.04     20.26      3.80     24.04     20.26     0.001
    -4.88      1.85    -29.76     -4.88      1.85    -29.76     0.001
    -6.48     11.77     45.08     -6.48     11.77     45.08     0.002
    21.56     18.94     29.82     21.56     18.94     29.82     0.003
    13.10     23.68     22.40     13.10     23.68     22.40     0.001
   -10.32     24.80     24.54    -10.31     24.80     24.54     0.008
   -36.04    -20.37    -12.46    -36.04    -20.37    -12.46     0.005
    32.20      2.41    -25.34     32.20      2.42    -25.34     0.002
    -4.40     -3.99     39.02     -4.40     -4.00     39.02     0.009
    28.15      6.94     24.16     28.15      6.94     24.16     0.004
   -23.72    -32.71    -29.15    -23.72    -32.71    -29.15     0.002
   -35.83    -17.46    -10.48    -35.83    -17.46    -10.48     0.002
   -36.00    -26.80    -27.40    -36.00    -26.81    -27.40     0.006
   -14.12      1.63      4.79    -14.12      1.63      4.79     0.000
   -37.89    -24.26    -21.14    -37.88    -24.26    -21.14     0.005
    21.22    -10.75      1.93     21.22    -10.75      1.92     0.008
    20.36      3.62    -26.37     20.35      3.61    -26.37     0.004
    -8.01      6.84     33.86     -8.02      6.84     33.86     0.003
    37.75      0.17      8.35     37.74      0.17      8.34     0.008
    -6.05     12.63      7.06     -6.05     12.63      7.06     0.005
   -25.80    -18.75    -46.91    -25.80    -18.75    -46.91     0.004
   -16.25      5.50    -42.08    -16.26      5.50    -42.07     0.010
    -6.34     -8.79     12.95     -6.33     -8.78     12.95     0.009
   -21.97    -10.18    -49.12    -21.96    -10.18    -49.13     0.007
   -23.61    -22.50     -7.87    -23.61    -22.50     -7.87     0.001
     6.84    -12.49      6.93      6.84    -12.48      6.93     0.008
    -2.01     18.58     44.93     -2.01     18.59     44.93     0.007
     6.80    -14.01    -20.23      6.80    -14.01    -20.23     0.007
    13.68     -6.98     21.89     13.67     -6.97     21.89     0.010
   -15.77     20.19     26.49    -15.77     20.20     26.49     0.006
   -20.24     -4.01    -48.11    -20.24     -4.01    -48.11     0.003
    -5.52    -21.09    -38.87     -5.52    -21.09    -38.87     0.005
     3.09      8.48    -15.24      3.09      8.49    -15.24     0.007
    27.23     23.23     -1.84     27.23     23.24     -1.84     0.008
    34.14     -6.36    -15.19     34.14     -6.36    -15.19     0.000
    -6.35    -25.40    -18.33     -6.35    -25.40    -18.33     0.003
    33.42      2.89     14.18     33.41      2.89     14.17     0.002
    12.38     17.90    -16.41     12.38     17.90    -16.41     0.003
   -24.75     11.99    -26.70    -24.75     11.99    -26.70     0.003
   -39.95    -15.53    -34.05    -39.95    -15.53    -34.05     0.004
    29.91     15.10     14.57     29.91     15.10     14.57     0.002
     4.44     -7.43     59.92      4.44     -7.42     59.92     0.006
   -31.97    -18.27     -8.51    -31.97    -18.27     -8.51     0.002
   -39.61    -16.98    -15.00    -39.61    -16.98    -15.00     0.001
    -8.13    -16.97     -5.99     -8.13    -16.97     -5.98     0.001
    34.74     15.39    -12.68     34.74     15.40    -12.68     0.006
     0.40     20.89      8.66      0.40     20.89      8.67     0.002
   -27.82    -26.40    -40.66    -27.82    -26.41    -40.66     0.007
   -33.24    -26.97    -35.75    -33.24    -26.97    -35.75     0.002
   -38.05     -3.27    -13.49    -38.05     -3.27    -13.49     0.004
    18.23     -8.08    -23.09     18.23     -8.08    -23.08     0.003
    20.40     17.60    -29.85     20.40     17.60    -29.85     0.004
    -6.14    -25.93    -19.66     -6.13    -25.94    -19.66     0.007
    21.78     -0.53     41.68     21.78     -0.53     41.68     0.003
    20.93     14.13     49.40     20.93     14.13     49.40     0.001
