200 output/PA4-C-output.txt
   -21.34     12.07    -29.87    -21.33     12.06    -29.87     0.008
   -29.47    -14.94    -47.15    -29.47    -14.94    -47.15     0.006
    16.34     20.93     41.84     16.34     20.92     41.84     0.005
    30.03     17.06     12.54     30.03     17.06     12.55     0.006
    20.45     24.40     10.42     20.46     24.42     10.42     0.014
   -25.23      5.01    -14.16    -25.23      5.01    -14.16     0.001
    38.34      1.37    -12.59     38.33      1.37    -12.58     0.006
   -13.53     18.09     34.47    -13.54     18.10     34.48     0.021
     6.90      4.83    -17.85      6.89      4.83    -17.85     0.003
    -0.35    -11.61      7.22     -0.35    -11.61      7.22     0.003
    10.23     -8.15    -21.79     10.23     -8.15    -21.79     0.001
    36.87     -2.32     -7.60     36.86     -2.31     -7.61     0.019
   -34.87      6.58    -22.18    -34.86      6.57    -22.18     0.013
    12.22     21.11    -28.43     12.20     21.12    -28.43     0.023
    -5.74    -12.56      2.00     -5.74    -12.57      2.00     0.010
   -39.24    -21.17    -18.21    -39.24    -21.18    -18.21     0.005
    -2.12    -21.22    -33.65     -2.11    -21.22    -33.65     0.012
    -8.04     -7.78     10.98     -8.04     -7.78     10.98     0.005
   -11.57      6.52     19.72    -11.58      6.52     19.72     0.015
   -41.35    -10.30    -15.87    -41.35    -10.30    -15.87     0.000
    25.68    -12.83     -6.16     25.68    -12.82     -6.16     0.012
     4.13    -12.57      4.52      4.13    -12.57      4.52     0.002
   -14.00      8.99    -35.85    -14.00      8.98    -35.85     0.011
   -32.61     -8.14     -8.00    -32.61     -8.14     -8.00     0.003
    22.71      4.35     46.62     22.71      4.35     46.62     0.007
   -10.67    -28.33    -35.11    -10.66    -28.33    -35.11     0.007
    31.35      4.23    -27.05     31.33      4.23    -27.04     0.018
     1.21      2.37    -22.92      1.20      2.37    -22.92     0.006
    18.30     16.15     58.10     18.30     16.15     58.10     0.007
   -32.55     -7.48     -8.26    -32.55     -7.48     -8.26     0.008
    -9.82     -7.94      7.72     -9.82     -7.94      7.72     0.005
    30.20     20.39    -16.50     30.20     20.39    -16.50     0.005
    24.48    -14.40    -10.50     24.47    -14.39    -10.50     0.010
    27.57      8.08     25.61     27.56      8.08     25.61     0.003
     7.72     25.41      8.85      7.72     25.41      8.85     0.010
    33.90     -5.41      6.92     33.89     -5.40      6.92     0.019
    30.27     12.99     15.93     30.27     12.99     15.93     0.006
   -15.61    -30.50    -19.08    -15.60    -30.52    -19.08     0.018
    -2.22     -2.44    -29.23     -2.22     -2.44    -29.23     0.001
    28.05      9.83    -29.78     28.04      9.83    -29.78     0.006
   -26.12     -6.41     -7.34    -26.11     -6.41     -7.34     0.001
   -13.69      4.54     -3.34    -13.69      4.53     -3.34     0.004
    -4.22     13.78     57.24     -4.22     13.78     57.24     0.001
    28.51     21.30      8.18     28.52     21.31      8.19     0.013
    25.52     24.10     -0.20     25.53     24.10     -0.20     0.007
     9.33     -3.47    -22.07      9.33     -3.47    -22.06     0.012
    22.22     21.64     18.88     22.23     21.65     18.88     0.010
    17.09     21.59     36.17     17.09     21.59     36.17     0.003
   -16.36    -30.48    -18.51    -16.36    -30.50    -18.50     0.021
    -0.42     -6.11     46.03     -0.42     -6.12     46.03     0.013
    16.42     -4.61     48.43     16.42     -4.61     48.43     0.002
    -7.56    -11.88    -44.76     -7.56    -11.88    -44.76     0.000
     7.45     12.98     63.16      7.45     12.98     63.17     0.014
   -27.88    -27.64    -13.38    -27.88    -27.65    -13.37     0.012
    21.47     -0.91     42.61     21.46     -0.91     42.61     0.003
   -21.92     12.29    -28.12    -21.92     12.27    -28.12     0.018
    -5.02     -2.20     50.57     -5.03     -2.20     50.57     0.010
   -26.83    -28.71    -14.78    -26.83    -28.72    -14.77     0.013
   -39.65      2.21    -29.45    -39.63      2.20    -29.45     0.019
     7.13     14.01     63.13      7.13     14.01     63.14     0.016
    17.22     23.19    -26.92     17.22     23.19    -26.92     0.002
   -12.34     10.02    -26.61    -12.35     10.00    -26.61     0.016
    -8.88      7.12    -30.28     -8.88      7.11    -30.28     0.009
    17.84     -7.48    -22.80     17.85     -7.48    -22.79     0.014
    21.63      7.98     57.80     21.63      7.98     57.80     0.003
    15.02     -0.37    -21.65     15.02     -0.37    -21.65     0.002
    23.66     13.22    -30.10     23.66     13.22    -30.10     0.007
    38.63      1.64    -11.82     38.62      1.64    -11.82     0.010
   -10.80     18.51     36.96    -10.81     18.52     36.97     0.022
    10.51     20.72     56.54     10.51     20.71     56.54     0.007
    31.58     19.45     -8.32     31.59     19.46     -8.32     0.007
   -21.16    -31.93    -19.75    -21.16    -31.95    -19.74     0.017
    20.12     15.40     49.04     20.11     15.40     49.04     0.010
    -2.59     15.86     53.70     -2.59     15.86     53.70     0.002
   -27.14    -30.24    -35.01    -27.14    -30.24    -35.01     0.000
   -24.39      9.84    -35.68    -24.39      9.84    -35.68     0.010
    13.11    -13.11    -17.22     13.11    -13.10    -17.21     0.020
    37.21      8.25    -12.10     37.21      8.25    -12.09     0.002
     9.80     -6.48     35.75      9.80     -6.49     35.75     0.004
   -18.69    -32.53    -26.61    -18.69    -32.54    -26.61     0.011
     9.86     -6.77     28.74      9.87     -6.78     28.74     0.005
    15.61     21.30     40.95     15.60     21.30     40.95     0.003
   -14.11      6.79    -39.77    -14.12      6.78    -39.76     0.018
    -2.29     -6.53    -36.58     -2.29     -6.53    -36.58     0.002
    23.69     22.73    -23.05     23.69     22.74    -23.06     0.006
    -4.25      4.33    -25.89     -4.25      4.33    -25.89     0.006
    11.81     25.54     -6.02     11.81     25.55     -6.03     0.019
     6.81     -9.19     17.06      6.81     -9.19     17.06     0.000
    21.22     11.73     54.73     21.22     11.73     54.73     0.005
    -7.28     -3.43    -42.39     -7.28     -3.43    -42.38     0.003
    15.14     -5.39     45.07     15.14     -5.39     45.07     0.003
    23.45     24.80     -7.12     23.46     24.81     -7.12     0.011
    23.36      2.50     41.46     23.36      2.50     41.46     0.002
   -18.41     -7.69     -2.36    -18.41     -7.69     -2.35     0.008
    -4.90     24.49     22.29     -4.90     24.47     22.29     0.021
    -2.79      8.51    -15.89     -2.79      8.51    -15.89     0.002
   -17.31     -7.21     -0.68    -17.31     -7.21     -0.67     0.006
     0.84     -6.52    -27.67      0.84     -6.52    -27.67     0.001
     2.46     -7.20     56.78      2.46     -7.22     56.78     0.014
   -14.19    -11.95    -48.32    -14.19    -11.95    -48.31     0.008
    10.11      6.21    -15.86     10.11      6.21    -15.86     0.003
   -40.59    -20.35    -20.76    -40.59    -20.35    -20.76     0.002
    36.19      1.10     10.82     36.19      1.10     10.82     0.003
   -18.49     12.24    -27.99    -18.49     12.22    -27.99     0.017
     3.71     24.10     11.81      3.70     24.10     11.81     0.003
    25.21     23.26    -19.54     25.21     23.27    -19.54     0.014
    28.38    -11.62    -12.23     28.37    -11.61    -12.23     0.014
    18.16     23.49    -26.05     18.17     23.50    -26.05     0.007
    32.67     14.41     11.64     32.68     14.41     11.65     0.016
    21.96     15.31     38.17     21.95     15.30     38.16     0.010
    18.08     25.69    -11.93     18.08     25.71    -11.93     0.022
    21.21      4.75    -28.62     21.22      4.76    -28.61     0.016
     4.97     21.43     37.07      4.97     21.42     37.07     0.007
    -8.43     11.37      9.62     -8.43     11.37      9.62     0.000
     7.07     25.15     11.65      7.07     25.16     11.65     0.010
    25.99      2.92    -29.84     25.99      2.91    -29.83     0.005
    17.04     -0.35    -22.29     17.04     -0.35    -22.28     0.008
    25.98      3.27     31.01     25.98      3.27     31.00     0.002
    -3.39     -5.58     36.17     -3.40     -5.58     36.17     0.001
   -37.27    -23.89    -18.61    -37.28    -23.89    -18.61     0.007
   -38.75      0.55    -35.29    -38.74      0.54    -35.29     0.014
    20.09      3.00     62.14     20.09      3.00     62.14     0.003
    20.48     13.13     58.39     20.47     13.12     58.39     0.008
   -33.03     -0.78    -42.96    -33.03     -0.79    -42.95     0.017
   -25.54    -29.01    -14.72    -25.55    -29.02    -14.71     0.017
   -33.91      3.61    -14.96    -33.91      3.61    -14.96     0.004
   -13.83     22.78     24.09    -13.83     22.78     24.09     0.003
   -14.78     -8.29      1.33    -14.79     -8.30      1.33     0.012
   -43.13     -6.64    -20.08    -43.13     -6.64    -20.08     0.000
    39.18      9.61      0.39     39.18      9.61      0.39     0.001
     2.75     -7.29     60.74      2.75     -7.30     60.74     0.013
    15.12     -7.39     17.42     15.12     -7.37     17.42     0.013
     7.90     -3.99     63.39      7.90     -3.99     63.41     0.012
    -7.25     -3.44     27.33     -7.26     -3.45     27.34     0.009
   -21.20    -19.20    -47.35    -21.20    -19.20    -47.34     0.006
    29.86     18.68    -20.99     29.85     18.68    -20.99     0.004
    11.79     12.53     63.10     11.79     12.53     63.12     0.014
   -11.39    -26.48    -14.94    -11.38    -26.49    -14.93     0.016
   -36.67    -21.40    -14.11    -36.67    -21.40    -14.11     0.001
   -22.01    -32.70    -26.09    -22.01    -32.71    -26.09     0.015
   -11.30     -0.02     14.22    -11.31     -0.03     14.22     0.011
    10.62     -3.33    -21.95     10.62     -3.33    -21.95     0.008
    13.09    -17.32     -7.61     13.10    -17.30     -7.61     0.021
   -18.48    -31.44    -34.36    -18.48    -31.45    -34.36     0.014
    12.85     23.17     26.94     12.85     23.18     26.94     0.009
    15.18     19.18     55.97     15.18     19.17     55.97     0.009
   -31.81     -9.19    -46.89    -31.80     -9.19    -46.88     0.009
    -4.55     -0.99    -36.32     -4.55     -0.99    -36.32     0.001
     4.96     -7.09     49.40      4.96     -7.10     49.40     0.014
   -14.89    -21.02    -44.97    -14.89    -21.02    -44.97     0.003
    -7.83     -3.86     23.47     -7.84     -3.86     23.47     0.008
    -2.35      7.90    -17.69     -2.35      7.89    -17.69     0.004
    21.78     16.60     35.38     21.78     16.60     35.38     0.000
    29.34     -8.40      3.26     29.33     -8.38      3.25     0.020
   -38.75      1.87    -33.14    -38.73      1.86    -33.14     0.019
   -43.10    -12.17    -20.92    -43.10    -12.17    -20.93     0.001
    29.30    -10.86    -18.29     29.29    -10.84    -18.28     0.021
    -7.28      6.40     38.90     -7.29      6.40     38.90     0.008
    -6.03     -0.50     39.82     -6.03     -0.51     39.82     0.002
    11.68     21.40     50.89     11.68     21.40     50.89     0.003
   -39.75      0.67    -19.10    -39.74      0.66    -19.11     0.014
    13.81     -7.25     19.47     13.81     -7.24     19.47     0.008
   -10.24     -1.11    -43.56    -10.25     -1.11    -43.55     0.009
    -4.46    -25.32    -29.42     -4.44    -25.33    -29.42     0.017
     2.33     18.66     53.96      2.33     18.66     53.96     0.009
    10.73     -6.70     60.39     10.73     -6.71     60.39     0.008
   -23.37    -21.03    -46.10    -23.37    -21.03    -46.09     0.003
    24.64     10.29     35.95     24.64     10.29     35.95     0.004
   -12.67    -23.32    -10.52    -12.66    -23.33    -10.51     0.022
    25.79     -5.52     13.94     25.79     -5.51     13.94     0.013
    24.92    -11.72     -2.66     24.92    -11.70     -2.67     0.025
    18.30     25.81      7.72     18.31     25.83      7.73     0.012
   -28.60    -19.07    -46.24    -28.60    -19.06    -46.23     0.007
    18.48     -5.68     25.99     18.48     -5.67     25.99     0.007
   -40.50    -21.30    -24.77    -40.50    -21.30    -24.76     0.002
   -10.61      4.03    -39.91    -10.61      4.02    -39.90     0.013
    -2.51      0.37    -27.65     -2.52      0.37    -27.64     0.005
   -17.43    -22.43     -8.71    -17.42    -22.44     -8.69     0.014
    29.30     16.27    -23.70     29.30     16.26    -23.70     0.002
    34.78     -3.87     -2.52     34.77     -3.86     -2.52     0.021
   -11.70      5.85     15.55    -11.71      5.85     15.55     0.007
    24.71      4.46     36.18     24.71      4.46     36.18     0.002
   -11.77      6.68     14.24    -11.78      6.69     14.24     0.007
    31.92     15.24    -21.09     31.92     15.23    -21.08     0.009
    22.11     25.23     -7.98     22.11     25.25     -7.98     0.018
   -25.12    -31.15    -34.19    -25.12    -31.15    -34.20     0.004
   -39.48      2.35    -30.02    -39.47      2.34    -30.01     0.021
    15.45     18.23     61.38     15.45     18.22     61.38     0.009
   -10.79     10.49     14.07    -10.78     10.49     14.07     0.006
    19.65    -13.61    -18.10     19.65    -13.60    -18.08     0.021
     1.17     -6.81    -27.34      1.17     -6.81    -27.34     0.001
    -6.69      3.56     47.34     -6.69      3.56     47.34     0.003
   -10.00     13.03     13.75    -10.00     13.03     13.75     0.001
     8.77     -2.59    -22.19      8.76     -2.59    -22.18     0.008
     1.36     22.50     11.17      1.35     22.51     11.17     0.008
   -24.84    -24.20     -9.16    -24.84    -24.22     -9.14     0.017
   -36.46    -22.87    -36.94    -36.45    -22.86    -36.93     0.004
    -6.76      4.25     44.85     -6.77      4.25     44.85     0.008
    12.73     20.51     57.42     12.73     20.51     57.42     0.002
    33.02     -2.04     12.94     33.02     -2.03     12.93     0.011
