200 output/PA4-E-output.txt
   -30.58      9.45    -21.34    -30.55      9.39    -21.35     0.067
    -3.47    -23.28    -32.86     -3.47    -23.28    -32.86     0.002
    -8.11      8.16    -12.99     -8.11      8.17    -12.99     0.006
    -5.93    -24.95    -34.51     -5.95    -24.93    -34.50     0.031
   -32.48     -7.46     -8.24    -32.48     -7.47     -8.25     0.003
    27.25      5.22     27.14     27.25      5.22     27.14     0.000
   -11.42     -3.10     11.53    -11.49     -3.15     11.57     0.098
     9.82     25.23     14.04      9.81     25.16     14.03     0.064
   -29.00    -21.34     -8.07    -29.01    -21.35     -8.04     0.031
    -9.07      2.58     24.58     -9.06      2.59     24.58     0.009
   -29.69      7.39    -36.08    -29.72      7.47    -36.11     0.095
   -22.61      9.44    -18.00    -22.61      9.40    -18.06     0.070
    20.50     -0.33     49.75     20.62     -0.39     49.77     0.136
     0.81     -8.11    -28.04      0.85     -8.10    -28.07     0.044
    37.22     -1.96      4.17     37.23     -1.97      4.17     0.018
   -22.78    -17.67     -6.30    -22.78    -17.67     -6.28     0.022
    33.44      8.90    -23.44     33.44      8.90    -23.44     0.000
   -38.40    -22.48    -18.21    -38.33    -22.42    -18.24     0.096
   -25.58     -1.48    -46.82    -25.59     -1.47    -46.86     0.043
    15.73     -6.46     21.26     15.77     -6.73     21.29     0.275
   -19.97    -13.23     -4.84    -19.97    -13.23     -4.84     0.001
    18.52     -1.52     58.29     18.50     -1.50     58.29     0.031
   -25.70     -0.50    -46.20    -25.72     -0.47    -46.24     0.054
     4.32     12.47     63.23      4.32     12.47     63.19     0.034
    38.17     -0.24      2.67     38.21     -0.26      2.67     0.051
    33.97     -3.79     10.43     33.98     -3.80     10.44     0.015
    -5.88     -0.41     40.52     -6.02     -0.45     40.53     0.146
    -6.88     19.49     14.07     -6.95     19.59     13.96     0.165
    -6.46     20.89     14.61     -6.38     20.76     14.75     0.203
    35.57     11.70    -14.62     35.60     11.71    -14.63     0.034
     6.17     17.81     62.82      6.18     17.90     62.90     0.117
    11.77     21.77     45.60     11.82     21.60     45.58     0.175
   -37.68    -11.48    -42.61    -37.61    -11.48    -42.57     0.076
   -11.23     21.95     18.63    -11.19     21.90     18.68     0.077
     5.33     -8.37     22.70      5.31     -8.28     22.69     0.093
   -25.74    -29.67    -37.09    -25.72    -29.56    -37.04     0.119
     5.81     23.81      3.94      5.87     23.71      3.98     0.122
   -10.70    -14.70    -46.27    -10.70    -14.71    -46.29     0.019
    -5.61    -22.65    -37.23     -5.55    -22.70    -37.27     0.084
     9.69    -15.17    -13.87      9.72    -15.38    -13.92     0.222
    13.85      6.72     63.01     13.85      6.72     63.01     0.003
   -35.06      3.87    -15.99    -35.13      3.93    -15.87     0.162
    14.04     -6.86     21.61     14.05     -6.95     21.62     0.083
    33.26     -5.98     -3.63     33.18     -5.93     -3.63     0.092
     7.81     20.48     45.78      7.79     20.61     45.79     0.132
    19.97     25.46      6.95     19.98     25.49      6.96     0.033
   -14.54    -24.78    -42.61    -14.56    -24.73    -42.56     0.071
    21.23     15.96     39.86     21.36     16.04     39.87     0.151
   -24.56      0.72    -45.82    -24.56      0.73    -45.83     0.013
    36.85     -1.52     -2.27     36.93     -1.60     -2.26     0.120
    39.82      7.70     -3.64     39.80      7.69     -3.64     0.022
    -8.98      9.20      5.50     -8.92      9.15      5.52     0.078
   -24.42     -8.04     -6.07    -24.42     -8.04     -6.09     0.021
   -13.99      5.21     -8.28    -13.99      5.21     -8.28     0.006
     2.78     18.56      2.16      2.84     18.52      2.19     0.076
    -9.50     -4.45     14.29     -9.53     -4.46     14.29     0.025
   -25.07     -0.11    -11.36    -25.06     -0.11    -11.36     0.006
    -6.82      1.38     36.31     -6.75      1.39     36.30     0.070
    28.35     -7.73      7.07     28.35     -7.69      7.05     0.047
    18.43    -12.70    -18.68     18.42    -12.72    -18.72     0.044
    21.56      8.81     56.43     21.74      8.82     56.45     0.187
    36.15     -3.38     -9.80     36.12     -3.34     -9.81     0.056
    13.61    -10.78    -20.13     13.61    -10.64    -19.99     0.205
    -4.60     -4.48     37.74     -4.47     -4.35     37.72     0.178
   -39.38    -14.72    -13.76    -39.36    -14.72    -13.77     0.031
     9.81     22.74     29.94      9.81     22.62     29.92     0.124
    -3.24    -14.48    -39.67     -3.28    -14.48    -39.63     0.055
    -1.57     -5.53     50.53     -1.55     -5.49     50.54     0.043
    34.33     -3.11     10.60     34.36     -3.13     10.63     0.045
    -7.83    -10.69      4.66     -7.81    -10.63      4.63     0.071
   -26.09    -28.73    -14.48    -26.10    -28.78    -14.46     0.053
     0.47     10.84     -7.94      0.48     10.82     -7.93     0.026
    20.03      0.42    -24.40     20.03      0.42    -24.40     0.001
    -5.07     -2.40     62.25     -5.03     -2.37     62.26     0.049
     1.29     -3.89    -26.17      1.29     -3.89    -26.16     0.007
   -43.12     -9.75    -20.18    -43.09     -9.74    -20.18     0.030
    25.45     16.14    -27.63     25.45     16.14    -27.64     0.007
   -40.33     -1.30    -17.60    -40.35     -1.29    -17.58     0.028
     3.39     18.97     56.29      3.44     18.83     56.28     0.148
    25.35      5.96     34.12     25.41      5.96     34.13     0.058
    -7.15      6.76     50.16     -7.01      6.74     50.16     0.142
    14.69    -17.38     -9.39     14.71    -17.27     -9.36     0.112
    28.65      0.72     21.13     28.58      0.74     21.10     0.075
   -38.82    -21.23    -17.48    -38.81    -21.22    -17.49     0.021
    23.80      4.50    -29.85     23.77      4.47    -29.97     0.129
    -8.98      7.55     30.82     -8.94      7.58     30.81     0.051
   -14.08     10.78    -21.65    -14.09     10.74    -21.66     0.041
   -34.09     -5.22    -44.32    -34.10     -5.21    -44.34     0.018
    -1.07    -10.30     16.21     -1.07    -10.26     16.21     0.034
     9.79      8.39     63.05      9.79      8.39     63.05     0.003
   -12.01      9.60     16.66    -11.84      9.63     16.69     0.177
   -29.85    -29.45    -18.49    -29.84    -29.42    -18.50     0.038
     8.07     -6.94     30.20      8.07     -6.92     30.20     0.016
   -22.27      8.80    -37.55    -22.27      8.86    -37.60     0.073
   -43.07    -16.18    -26.29    -43.07    -16.18    -26.29     0.000
     9.09     21.87     -7.33      9.06     21.90     -7.34     0.047
   -36.02    -19.77    -11.91    -35.99    -19.73    -11.96     0.078
    18.78     21.67     28.34     18.77     21.65     28.33     0.016
     3.85     -7.30     32.53      3.85     -7.29     32.53     0.008
    31.17     17.03    -20.03     31.23     17.07    -20.05     0.068
   -10.12    -18.55     -7.77    -10.13    -18.63     -7.68     0.127
    -5.67     -1.20     48.87     -5.56     -1.16     48.86     0.121
    13.50     22.00     37.49     13.53     22.14     37.48     0.139
    20.28     11.45    -30.68     20.27     11.44    -30.69     0.021
    13.44     27.14      4.51     13.44     27.13      4.51     0.008
    -3.41     -5.01     43.57     -3.35     -4.93     43.56     0.106
   -42.57     -9.99    -18.46    -42.59     -9.99    -18.45     0.015
    -9.56      7.10     26.83     -9.85      6.98     26.89     0.327
    33.96     -4.69    -20.58     33.88     -4.64    -20.56     0.092
     7.33     25.44      6.05      7.32     25.46      6.05     0.020
   -19.30    -24.55     -9.55    -19.29    -24.57     -9.49     0.062
    26.21     -9.75      1.22     26.21     -9.90      1.27     0.157
    34.51     15.17      7.71     34.48     15.14      7.69     0.043
    -6.30     -8.37     15.07     -6.29     -8.37     15.07     0.004
    -5.58     -1.57     56.48     -5.42     -1.52     56.48     0.168
   -34.95      1.23    -40.09    -34.94      1.23    -40.08     0.010
     2.85     23.30     28.11      2.85     23.24     28.10     0.063
    35.04      7.55    -19.87     35.23      7.57    -19.94     0.203
   -19.28    -24.95    -43.71    -19.29    -24.92    -43.69     0.036
   -30.06    -30.92    -24.76    -30.01    -30.82    -24.77     0.120
   -41.83     -1.12    -27.34    -41.94     -1.06    -27.35     0.128
     2.39     -7.97     27.22      2.40     -8.02     27.23     0.053
    31.22     13.42    -24.35     31.10     13.33    -24.26     0.171
    -0.24     -6.90    -29.07     -0.18     -6.88    -29.12     0.077
    13.56     -5.80     55.68     13.52     -5.73     55.67     0.081
    -3.93     -2.32    -35.20     -3.89     -2.30    -35.20     0.040
    15.57     19.55    -30.80     15.56     19.58    -30.83     0.037
     6.79     -8.27     19.41      6.84     -8.43     19.46     0.177
    24.76     16.46    -27.69     24.79     16.49    -27.75     0.078
   -15.15    -17.32    -47.17    -15.15    -17.32    -47.16     0.010
     0.65     -6.97     35.68      0.66     -7.04     35.69     0.067
    32.23      8.37    -25.78     32.30      8.38    -25.83     0.090
   -22.14      2.31    -11.67    -22.17      2.36    -11.63     0.072
   -36.88    -11.59    -43.40    -36.97    -11.58    -43.47     0.106
    -8.32     24.99     24.29     -8.32     25.02     24.29     0.028
     8.11    -10.62    -21.95      8.14    -10.64    -22.00     0.069
    12.01     -6.51     60.04     11.93     -6.30     60.04     0.224
    16.48     22.51     28.46     16.47     22.44     28.45     0.073
     7.83     22.21     32.52      7.83     22.19     32.51     0.025
    17.71    -12.94    -18.43     17.72    -12.89    -18.37     0.077
    19.84     -8.41    -22.98     19.83     -8.46    -23.03     0.067
    -1.50    -13.46     -0.06     -1.50    -13.48     -0.06     0.024
     9.51     21.24     52.83      9.51     21.06     52.81     0.174
   -14.56     17.42     33.26    -14.56     17.42     33.26     0.002
    35.33     -4.57    -15.69     35.29     -4.54    -15.69     0.045
    -4.78     12.25     61.38     -4.82     12.28     61.38     0.039
    28.10     18.62    -22.82     28.15     18.65    -22.87     0.072
   -26.76    -32.19    -26.30    -26.76    -32.19    -26.30     0.000
   -12.32      2.43     12.12    -12.24      2.44     12.11     0.076
    27.03     21.12    -21.38     27.12     21.21    -21.47     0.157
    39.92      4.52      1.39     39.80      4.53      1.38     0.117
    13.97     22.03     34.80     13.97     22.17     34.84     0.139
     3.88     14.12     -5.77      3.93     14.06     -5.71     0.093
    -3.70      2.25     63.14     -3.69      2.25     63.12     0.018
    20.91     19.04    -28.44     20.93     19.07    -28.48     0.052
    -9.66      2.38     21.63     -9.70      2.37     21.63     0.042
   -18.26     -3.95    -47.47    -18.26     -3.95    -47.48     0.010
    16.58     19.31     48.28     16.62     19.35     48.29     0.061
    24.52      5.61     37.55     24.60      5.60     37.57     0.085
    14.74    -17.47     -8.49     14.73    -17.51     -8.50     0.044
   -40.25     -8.10    -34.66    -40.26     -8.10    -34.66     0.010
   -13.45     18.03     34.82    -13.35     18.00     34.73     0.137
   -19.68    -31.72    -17.60    -19.72    -31.63    -17.63     0.098
    -6.13     14.16      9.28     -6.14     14.16      9.28     0.014
   -24.93    -11.45    -48.57    -24.94    -11.46    -48.59     0.030
    30.18     20.01    -18.07     30.15     20.00    -18.06     0.028
     1.87     16.84      1.77      1.82     16.88      1.74     0.063
   -24.73    -12.29    -48.51    -24.74    -12.29    -48.54     0.025
    30.26    -10.70    -14.43     30.20    -10.64    -14.45     0.085
     2.32     21.53     35.16      2.33     21.62     35.18     0.088
    -3.82     -4.99     38.13     -3.78     -4.95     38.13     0.057
   -14.40     -5.85      4.04    -14.34     -5.82      4.00     0.081
   -21.29    -22.79     -8.25    -21.28    -22.82     -8.21     0.053
    24.35     16.50     25.23     24.50     16.58     25.29     0.183
   -21.89     -5.65     -5.01    -21.93     -5.62     -4.95     0.081
    -8.01     -5.90    -44.33     -7.95     -5.86    -44.40     0.099
   -16.56      6.21    -13.16    -16.57      6.22    -13.14     0.021
    18.21     26.61     -4.39     18.21     26.64     -4.40     0.023
    18.96     -6.20     19.57     18.99     -6.37     19.58     0.178
    19.98      0.96     59.84     19.92      0.99     59.83     0.068
    11.05    -11.53    -19.83     11.07    -11.57    -19.88     0.062
    11.64     25.42     13.48     11.65     25.26     13.44     0.162
    30.19      0.09    -27.45     30.23      0.07    -27.50     0.068
    -6.86      9.23     -1.94     -6.80      9.15     -1.93     0.093
    34.63     15.40      6.72     34.68     15.44      6.74     0.074
   -30.30      9.88    -24.12    -30.33      9.96    -24.11     0.084
   -30.16      9.77    -29.35    -30.17      9.79    -29.36     0.019
   -30.63      5.54    -39.09    -30.65      5.57    -39.10     0.036
   -18.88    -29.42    -38.17    -18.87    -29.47    -38.20     0.059
   -38.85    -21.35    -33.90    -38.88    -21.36    -33.92     0.035
   -16.75      1.51     -2.12    -16.79      1.54     -2.11     0.047
    -4.60     -3.73     39.16     -4.58     -3.72     39.15     0.019
     7.27     24.31     17.85      7.27     24.40     17.86     0.095
     8.30     20.80     45.26      8.31     20.74     45.26     0.063
   -18.33      4.71    -11.99    -18.34      4.73    -11.98     0.027
   -31.14      5.73    -38.00    -31.19      5.84    -38.05     0.131
    -2.82     -2.50    -30.09     -2.78     -2.48    -30.12     0.056
    37.31     12.62      1.97     37.35     12.65      1.96     0.051
    -3.66     11.75     -0.80     -3.57     11.61     -0.76     0.167
   -39.90      1.79    -28.78    -39.94      1.81    -28.78     0.039
